242 218 204 285 189 221
218 159 242 218 189 221
189 221 147 285 105 236
218 159 189 221 105 236
43 265 7 285 0 245
179 184 218 159 105 236
84 186 43 265 0 245
179 184 105 236 134 175
156 122 179 184 134 175
84 186 0 245 26 204
170 32 242 37 201 124
170 32 201 124 156 122
156 122 134 175 84 186
84 186 26 204 6 162
156 122 84 186 6 162
156 122 6 162 0 121
156 122 0 121 36 105
156 122 36 105 41 66
156 122 41 66 3 30
156 122 3 30 34 5
34 5 74 15 127 91
156 122 34 5 127 91
170 32 156 122 127 91
130 0 170 32 127 91
