331 325 331 358 302 368
331 325 302 368 281 340
301 314 331 325 281 340
301 314 281 340 245 330
316 280 301 314 245 330
341 246 316 280 245 330
341 246 245 330 269 307
318 217 341 246 269 307
318 217 269 307 280 269
318 217 280 269 279 254
307 180 318 217 279 254
355 122 345 157 310 145
307 180 279 254 224 262
322 110 355 122 310 145
310 145 307 180 224 262
310 145 224 262 194 267
322 110 310 145 194 267
315 72 322 110 194 267
184 238 157 244 166 217
166 217 127 210 122 175
122 175 114 168 97 150
166 217 122 175 97 150
97 150 68 176 30 168
97 150 30 168 20 126
97 150 20 126 60 138
97 150 60 138 59 105
166 217 97 150 59 105
59 105 18 116 0 87
59 105 0 87 25 52
166 217 59 105 25 52
184 238 166 217 25 52
184 238 25 52 60 66
184 238 60 66 89 74
184 238 89 74 103 39
184 238 103 39 120 6
194 267 184 238 120 6
120 6 151 21 155 47
194 267 120 6 155 47
155 47 194 43 201 80
155 47 201 80 191 112
194 267 155 47 191 112
194 267 191 112 203 114
194 267 203 114 225 108
194 267 225 108 259 102
194 267 259 102 274 132
315 72 194 267 274 132
315 72 274 132 286 97
302 37 315 72 286 97
280 0 302 37 286 97
280 0 286 97 251 76
261 42 280 0 251 76
231 22 261 42 251 76
231 22 251 76 215 78
203 45 231 22 215 78
