66 46 79 47 65 51
66 46 65 51 59 47
74 28 73 35 67 39
67 39 66 46 59 47
68 27 74 28 67 39
68 27 67 39 59 47
68 27 59 47 52 45
65 21 68 27 52 45
65 21 52 45 46 46
61 15 65 21 46 46
41 50 37 56 32 50
61 15 46 46 41 50
61 15 41 50 32 50
61 8 61 15 32 50
55 7 61 8 32 50
55 7 32 50 32 43
48 7 55 7 32 43
48 7 32 43 26 41
48 7 26 41 19 42
44 1 48 7 19 42
13 46 6 48 0 45
19 42 13 46 0 45
19 42 0 45 6 42
19 42 6 42 12 40
44 1 19 42 12 40
37 4 44 1 12 40
37 4 12 40 14 33
37 4 14 33 8 30
8 30 12 24 18 21
37 4 8 30 18 21
37 4 18 21 22 15
37 4 22 15 27 10
32 0 37 4 27 10
26 3 32 0 27 10
