255 278 266 319 225 301
215 253 255 278 225 301
215 253 225 301 185 287
57 319 30 345 43 317
215 253 185 287 141 275
172 243 215 253 141 275
141 275 111 310 95 271
85 289 57 319 43 317
85 289 43 317 56 282
56 282 31 318 49 281
172 243 141 275 95 271
95 271 85 289 56 282
133 217 172 243 95 271
95 271 56 282 49 281
133 217 95 271 49 281
133 217 49 281 42 267
133 217 42 267 17 251
120 197 133 217 17 251
120 197 17 251 36 231
120 197 36 231 63 202
124 166 120 197 63 202
124 166 63 202 59 169
119 138 124 166 59 169
159 22 187 50 154 67
97 119 119 138 59 169
97 119 59 169 65 121
159 22 154 67 119 93
130 54 159 22 119 93
119 93 97 119 65 121
130 54 119 93 65 121
99 54 130 54 65 121
99 54 65 121 54 90
95 0 125 0 108 22
108 22 99 54 54 90
54 90 29 73 0 49
54 90 0 49 31 56
54 90 31 56 65 58
108 22 54 90 65 58
108 22 65 58 83 28
95 0 108 22 83 28
