325 198 348 213 329 239
325 198 329 239 303 245
360 161 366 174 341 179
368 118 378 140 365 153
368 118 365 153 347 145
347 145 360 161 341 179
325 198 303 245 310 221
294 234 288 260 262 263
349 124 368 118 347 145
347 145 341 179 326 174
325 198 310 221 294 234
326 174 325 198 294 234
349 124 347 145 326 174
326 174 294 234 262 263
262 263 255 237 271 221
262 263 271 221 275 204
262 263 275 204 301 199
326 174 262 263 301 199
347 100 349 124 326 174
347 100 326 174 301 199
333 92 347 100 301 199
333 92 301 199 302 174
333 92 302 174 279 182
310 75 333 92 279 182
268 201 250 224 226 243
253 177 268 201 226 243
310 75 279 182 253 177
253 177 226 243 223 213
293 96 310 75 253 177
168 252 151 277 123 267
293 96 253 177 223 213
293 96 223 213 225 184
233 157 222 183 199 203
233 157 199 203 192 176
179 223 179 224 168 252
184 190 179 223 168 252
184 190 168 252 123 267
192 176 184 190 123 267
123 267 127 235 130 233
192 176 123 267 130 233
192 176 130 233 100 248
192 176 100 248 103 215
233 157 192 176 103 215
233 157 103 215 103 182
233 157 103 182 123 156
90 166 62 194 29 216
90 166 29 216 0 197
90 166 0 197 29 177
123 156 90 166 29 177
123 156 29 177 29 138
233 157 123 156 29 138
233 157 29 138 5 100
233 157 5 100 40 67
40 67 57 27 97 49
40 67 97 49 107 72
105 43 89 23 108 0
107 72 105 43 108 0
107 72 108 0 132 14
107 72 132 14 130 37
107 72 130 37 160 34
107 72 160 34 165 65
107 72 165 65 135 69
107 72 135 69 154 100
40 67 107 72 154 100
40 67 154 100 163 116
233 157 40 67 163 116
233 157 163 116 188 97
233 157 188 97 212 116
233 157 212 116 203 92
233 157 203 92 225 75
233 157 225 75 233 77
233 157 233 77 247 91
233 157 247 91 263 115
225 184 233 157 263 115
225 184 263 115 271 119
225 184 271 119 273 117
293 96 225 184 273 117
272 75 293 96 273 117
272 75 273 117 252 96
