186 357 168 380 143 364
76 399 66 401 36 392
108 379 76 399 36 392
163 338 186 357 143 364
143 364 108 379 36 392
143 364 36 392 38 357
163 338 143 364 38 357
131 334 163 338 38 357
165 297 162 326 131 334
131 334 38 357 25 327
165 297 131 334 25 327
183 273 165 297 25 327
223 234 206 260 183 273
223 234 183 273 25 327
223 234 25 327 47 305
192 232 223 234 47 305
192 232 47 305 48 275
209 210 192 232 48 275
222 178 209 210 48 275
48 275 22 295 0 277
190 186 222 178 48 275
48 275 0 277 6 253
48 275 6 253 37 248
48 275 37 248 70 239
70 239 50 243 19 230
70 239 19 230 19 209
70 239 19 209 23 201
70 239 23 201 17 169
70 239 17 169 46 153
70 239 46 153 71 177
70 239 71 177 82 181
82 181 69 152 93 123
93 123 74 87 73 82
93 123 73 82 86 39
93 123 86 39 125 50
82 181 93 123 125 50
70 239 82 181 125 50
125 50 121 3 172 0
70 239 125 50 172 0
70 239 172 0 174 49
174 49 184 91 148 115
174 49 148 115 127 145
70 239 174 49 127 145
70 239 127 145 117 179
48 275 70 239 117 179
48 275 117 179 137 200
48 275 137 200 156 206
190 186 48 275 156 206
