 0 0 0 0 0 0 0 0 0 0 0 0 0 0 0 0 0 0 0 0 0 0 0 0 0 0 0 0 0 0 0 0 0 0 0 0 0 0 0 0 0 0 0 0 0 0 0 0 0 0 0 0 0 0 0 0 0 0 0 0 0 0 0 0 0 0 0 0 0 0 0 0 0 0 0 0 0 0 0 0 0 0 0 0 0 0 0 0 0 0 0 0 0 0 0 0 0 0 0 0 0
 0 0 0 0 0 0 0 0 0 0 0 0 0 0 0 0 0 0 0 0 0 0 0 0 0 0 0 0 0 0 0 0 0 0 0 0 0 0 0 0 0 0 0 0 0 0 0 0 0 0 0 0 0 0 0 0 0 0 0 0 0 0 0 0 0 0 0 0 0 0 0 0 0 0 0 0 0 0 0 0 0 0 0 0 0 0 0 0 0 0 0 0 0 0 0 0 0 0 0 0 0
 0 0 0 0 0 0 0 0 0 0 0 0 0 0 0 0 0 0 0 0 0 0 0 0 0 0 0 0 0 0 0 0 0 0 0 0 0 0 0 0 0 0 0 0 0 0 0 0 0 0 0 0 0 0 0 0 0 0 0 0 0 0 0 0 0 0 0 0 0 0 0 0 0 0 0 0 0 0 0 0 0 0 0 0 0 0 0 0 0 0 0 0 0 0 0 0 0 0 0 0 0
 0 0 0 0 0 0 0 0 0 0 0 0 0 0 0 0 0 0 0 0 0 0 0 0 0 0 0 0 0 0 0 0 0 0 0 0 0 0 0 0 0 0 0 0 0 0 0 0 0 0 0 0 0 0 0 0 0 0 0 0 0 0 0 0 0 0 0 0 0 0 0 0 0 0 0 0 0 0 0 0 0 0 0 0 0 0 0 0 0 0 0 0 0 0 0 0 0 0 0 0 0
 0 0 0 0 0 0 0 0 0 0 0 0 0 0 0 0 0 0 0 0 0 0 0 0 0 0 0 0 0 0 0 0 0 0 0 0 0 0 0 0 0 0 0 0 0 0 0 0 0 0 0 0 0 0 0 0 0 0 0 0 0 0 0 0 0 0 0 0 0 0 0 0 0 0 0 0 0 0 0 0 0 0 0 0 0 0 0 0 0 0 0 0 0 0 0 0 0 0 0 0 0
 0 0 0 0 0 0 0 0 0 0 0 0 0 0 0 0 0 0 0 0 0 0 0 0 0 0 0 0 0 0 0 0 0 0 0 0 0 0 0 0 0 0 0 0 0 0 0 0 0 0 0 0 0 0 0 0 0 0 0 0 0 0 0 0 0 0 0 0 0 0 0 0 0 0 0 0 0 0 0 0 0 0 0 0 0 0 0 0 0 0 0 0 0 0 0 0 0 0 0 0 0
 0 0 0 0 0 0 0 0 0 0 0 0 0 0 0 0 0 0 0 0 0 0 0 0 0 0 0 0 0 0 0 0 0 0 0 0 0 0 0 0 0 0 0 0 0 0 0 0 0 0 0 0 0 0 0 0 0 0 0 0 0 0 0 0 0 0 0 0 0 0 0 0 0 0 0 0 0 0 0 0 0 0 0 0 0 0 0 0 0 0 0 0 0 0 0 0 0 0 0 0 0
 0 0 0 0 0 0 0 0 0 0 0 0 0 0 0 0 0 0 0 0 0 0 0 0 0 0 0 0 0 0 0 0 0 0 0 0 0 0 0 0 0 0 0 0 0 0 0 0 0 0 0 0 0 0 0 0 0 0 0 0 0 0 0 0 0 0 0 0 0 0 0 0 0 0 0 0 0 0 0 0 0 0 0 0 0 0 0 0 0 0 0 0 0 0 0 0 0 0 0 0 0
 0 0 0 0 0 0 0 0 0 0 0 0 0 0 0 0 0 0 0 0 0 0 0 0 0 0 0 0 0 0 0 0 0 0 0 0 0 0 0 0 0 0 0 0 0 0 0 0 0 0 0 0 0 0 0 0 0 0 0 0 0 0 0 0 0 0 0 0 0 0 0 0 0 0 0 0 0 0 0 0 0 0 0 0 0 0 0 0 0 0 0 0 0 0 0 0 0 0 0 0 0
 0 0 0 0 0 0 0 0 0 0 0 0 0 0 0 0 0 0 0 0 0 0 0 0 0 0 0 0 0 0 0 0 0 0 0 0 0 0 0 0 0 0 0 0 0 0 0 0 0 0 0 0 0 0 0 0 0 0 0 0 0 0 0 0 0 0 0 0 0 0 0 0 0 0 0 0 0 0 0 0 0 0 0 0 0 0 0 0 0 0 0 0 0 0 0 0 0 0 0 0 0
 0 0 0 0 0 0 0 0 0 0 0 0 0 0 0 0 0 0 0 0 0 0 0 0 0 0 0 0 0 0 0 0 0 0 0 0 0 0 0 0 0 0 0 0 0 0 0 0 0 0 0 0 0 0 0 0 0 0 0 0 0 0 0 0 0 0 0 0 0 0 0 0 0 0 0 0 0 0 0 0 0 0 0 0 0 0 0 0 0 0 0 0 0 0 0 0 0 0 0 0 0
 0 0 0 0 0 0 0 0 0 0 0 0 0 0 0 0 0 0 0 0 0 0 0 0 0 0 0 0 0 0 0 0 0 0 0 0 0 0 0 0 0 0 0 0 0 0 0 0 0 0 0 0 0 0 0 0 0 0 0 0 0 0 0 0 0 0 0 0 0 0 0 0 0 0 0 0 0 0 0 0 0 0 0 0 0 0 0 0 0 0 0 0 0 0 0 0 0 0 0 0 0
 0 0 0 0 0 0 0 0 0 0 0 0 0 0 0 0 0 0 0 0 0 0 0 0 0 0 0 0 0 0 0 0 0 0 0 0 0 0 0 0 0 0 0 0 0 0 0 0 0 0 0 0 0 0 0 0 0 0 0 0 0 0 0 0 0 0 0 0 0 0 0 0 0 0 0 0 0 0 0 0 0 0 0 0 0 0 0 0 0 0 0 0 0 0 0 0 0 0 0 0 0
 0 0 0 0 0 0 0 0 0 0 0 0 0 0 0 0 0 0 0 0 0 0 0 0 0 0 0 0 0 0 0 0 0 0 0 0 0 0 0 0 0 0 0 0 0 0 0 0 0 0 0 0 0 0 0 0 0 0 0 0 0 0 0 0 0 0 0 0 0 0 0 0 0 0 0 0 0 0 0 0 0 0 0 0 0 0 0 0 0 0 0 0 0 0 0 0 0 0 0 0 0
 0 0 0 0 0 0 0 0 0 0 0 0 0 0 0 0 0 0 0 0 0 0 0 0 0 0 0 0 0 0 0 0 0 0 0 0 0 0 0 0 0 0 0 0 0 0 0 0 0 0 0 0 0 0 0 0 0 0 0 0 0 0 0 0 0 0 0 0 0 0 0 0 0 0 0 0 0 0 0 0 0 0 0 0 0 0 0 0 0 0 0 0 0 0 0 0 0 0 0 0 0
 0 0 0 0 0 0 0 0 0 0 0 0 0 0 0 0 0 0 0 0 0 0 0 0 0 0 0 0 0 0 0 0 0 0 0 0 0 0 0 0 0 0 0 0 0 0 0 0 0 0 0 0 0 0 0 0 0 0 0 0 0 0 0 0 0 0 0 0 0 0 0 0 0 0 0 0 0 0 0 0 0 0 0 0 0 0 0 0 0 0 0 0 0 0 0 0 0 0 0 0 0
 0 0 0 0 0 0 0 0 0 0 0 0 0 0 0 0 0 0 0 0 0 0 0 0 0 0 0 0 0 0 0 0 0 0 0 0 0 0 0 0 0 0 0 0 0 0 0 0 0 0 0 0 0 0 0 0 0 0 0 0 0 0 0 0 0 0 0 0 0 0 0 0 0 0 0 0 0 0 0 0 0 0 0 0 0 0 0 0 0 0 0 0 0 0 0 0 0 0 0 0 0
 0 0 0 0 0 0 0 0 0 0 0 0 0 0 0 0 0 0 0 0 0 0 0 0 0 0 0 0 0 0 0 0 0 0 0 0 0 0 0 0 0 0 0 0 0 0 0 0 0 0 0 0 0 0 0 0 0 0 0 0 0 0 0 0 0 0 0 0 0 0 0 0 0 0 0 0 0 0 0 0 0 0 0 0 0 0 0 0 0 0 0 0 0 0 0 0 0 0 0 0 0
 18.682369438463365 0 0 0 0 0 0 0 0 0 0 0 0 0 0 0 0 0 0 0 0 0 0 0 0 0 0 0 0 0 0 0 0 0 0 0 0 0 0 0 0 0 0 0 0 0 0 0 0 0 0 0 0 0 0 0 0 0 0 0 0 0 0 0 0 0 0 0 0 0 0 0 0 0 0 0 0 0 0 0 0 0 0 0 0 0 0 0 0 0 0 0 0 0 0 0 0 0 0 0 0
 37.77087734296782 0 0 0 0 0 0 0 0 0 0 0 0 0 0 0 0 0 0 0 0 0 0 0 0 0 0 0 0 0 0 0 0 0 0 0 0 0 0 0 0 0 0 0 0 0 0 0 0 0 0 0 0 0 0 0 0 0 0 0 0 0 0 0 0 0 0 0 0 0 0 0 0 0 0 0 0 0 0 0 0 0 0 0 0 0 0 0 0 0 0 0 0 0 0 0 0 0 0 0 0
 56.85938524748057 7.513561621999232 0 0 0 0 0 0 0 0 0 0 0 0 0 0 0 0 0 0 0 0 0 0 0 0 0 0 0 0 0 0 0 0 0 0 0 0 0 0 0 0 0 0 0 0 0 0 0 0 0 0 0 0 0 0 0 0 0 0 0 0 0 0 0 0 0 0 0 0 0 0 0 0 0 0 0 0 0 0 0 0 0 0 0 0 0 0 0 0 0 0 0 0 0 0 0 0 0 0 8.67721831274624
 75.94789315199255 26.602069526497562 0 0 0 0 0 0 0 0 0 0 0 0 0 0 0 0 0 0 0 0 0 0 0 0 0 0 0 0 0 0 0 0 0 0 0 0 0 0 0 0 0 0 0 0 0 0 0 0 0 0 0 0 0 0 0 0 0 0 0 0 0 0 0 0 0 0 0 0 0 0 0 0 0 0 0 0 0 0 0 0 0 0 0 0 0 0 0 0 0 0 0 0 0 0 0 0 0 0 18.87294983022307
 95.03640105650531 45.69057743100976 0 0 0 0 0 0 0 0 0 0 0 0 0 0 0 0 0 0 0 0 0 0 0 0 0 0 0 0 0 0 0 0 0 0 0 0 0 0 0 0 0 0 0 0 0 0 0 0 0 0 0 0 0 0 0 0 0 0 0 0 0 0 0 0 0 0 0 0 0 0 0 0 0 0 0 0 0 0 0 0 0 0 0 0 0 0 0 0 0 0 0 0 0 0 0 0 0 0 29.068681347699922
 114.12490896101788 64.77908533552356 15.433261710026267 0 0 0 0 0 0 0 0 0 0 0 0 0 0 0 0 0 0 0 0 0 0 0 0 0 0 0 0 0 0 0 0 0 0 0 0 0 0 0 0 0 0 0 0 0 0 0 0 0 0 0 0 0 0 0 0 0 0 0 0 0 0 0 0 0 0 0 0 0 0 0 0 0 0 0 0 0 0 0 0 0 0 0 0 0 0 0 0 0 0 0 0 0 0 0 0 0 39.26441286517671
 133.21341686553035 83.86759324003663 34.521769614541235 0 0 0 0 0 0 0 0 0 0 0 0 0 0 0 0 0 0 0 0 0 0 0 0 0 0 0 0 0 0 0 0 0 0 0 0 0 0 0 0 0 0 0 0 0 0 0 0 0 0 0 0 0 0 0 0 0 0 0 0 0 0 0 0 0 0 0 0 0 0 0 0 0 0 0 0 0 0 0 0 0 0 0 0 0 0 0 0 0 0 0 0 0 0 0 0 0 49.46014438265343
 152.30192477004223 102.9561011445483 53.61027751905419 4.2644538935625 0 0 0 0 0 0 0 0 0 0 0 0 0 0 0 0 0 0 0 0 0 0 0 0 0 0 0 0 0 0 0 0 0 0 0 0 0 0 0 0 0 0 0 0 0 0 0 0 0 0 0 0 0 0 0 0 0 0 0 0 0 0 0 0 0 0 0 0 0 0 0 0 0 0 0 0 0 0 0 0 0 0 0 0 0 0 0 0 0 0 0 0 0 0 0 6.941774650195878 59.65587590013042
 171.3904326745546 122.0446090490607 72.69878542356672 23.35296179807293 0 0 0 0 0 0 0 0 0 0 0 0 0 0 0 0 0 0 0 0 0 0 0 0 0 0 0 0 0 0 0 0 0 0 0 0 0 0 0 0 0 0 0 0 0 0 0 0 0 0 0 0 0 0 0 0 0 0 0 0 0 0 0 0 0 0 0 0 0 0 0 0 0 0 0 0 0 0 0 0 0 0 0 0 0 0 0 0 0 0 0 0 0 0 0 17.137506167672537 69.85160741760717
 190.47894057906646 141.13311695357277 91.78729332807889 42.44146970258448 0 0 0 0 0 0 0 0 0 0 0 0 0 0 0 0 0 0 0 0 0 0 0 0 0 0 0 0 0 0 0 0 0 0 0 0 0 0 0 0 0 0 0 0 0 0 0 0 0 0 0 0 0 0 0 0 0 0 0 0 0 0 0 0 0 0 0 0 0 0 0 0 0 0 0 0 0 0 0 0 0 0 0 0 0 0 0 0 0 0 0 0 0 0 0 27.333237685149818 80.04733893508389
 209.56744848357894 160.22162485808465 110.87580123259073 61.529977607097265 12.184153981602531 0 0 0 0 0 0 0 0 0 0 0 0 0 0 0 0 0 0 0 0 0 0 0 0 0 0 0 0 0 0 0 0 0 0 0 0 0 0 0 0 0 0 0 0 0 0 0 0 0 0 0 0 0 0 0 0 0 0 0 0 0 0 0 0 0 0 0 0 0 0 0 0 0 0 0 0 0 0 0 0 0 0 0 0 0 0 0 0 0 0 0 0 0 0 37.52896920262816 90.24307045256089
 228.65595638809077 179.31013276259696 129.96430913710293 80.61848551160907 31.27266188611465 0 0 0 0 0 0 0 0 0 0 0 0 0 0 0 0 0 0 0 0 0 0 0 0 0 0 0 0 0 0 0 0 0 0 0 0 0 0 0 0 0 0 0 0 0 0 0 0 0 0 0 0 0 0 0 0 0 0 0 0 0 0 0 0 0 0 0 0 0 0 0 0 0 0 0 0 0 0 0 0 0 0 0 0 0 0 0 0 0 0 0 0 0 0 47.724700720104465 100.43880197003779
 247.74446429260286 198.39864066710916 149.052817041615 99.70699341612111 50.36116979062714 1.0153461651134978 0 0 0 0 0 0 0 0 0 0 0 0 0 0 0 0 0 0 0 0 0 0 0 0 0 0 0 0 0 0 0 0 0 0 0 0 0 0 0 0 0 0 0 0 0 0 0 0 0 0 0 0 0 0 0 0 0 0 0 0 0 0 0 0 0 0 0 0 0 0 0 0 0 0 0 0 0 0 0 0 0 0 0 0 0 0 0 0 0 0 0 0 5.2063309876355 57.92043223758089 110.63453348751449
 266.83297219711505 217.48714857162125 168.14132494612716 118.79550132063332 69.4496776951393 20.103854069645184 0 0 0 0 0 0 0 0 0 0 0 0 0 0 0 0 0 0 0 0 0 0 0 0 0 0 0 0 0 0 0 0 0 0 0 0 0 0 0 0 0 0 0 0 0 0 0 0 0 0 0 0 0 0 0 0 0 0 0 0 0 0 0 0 0 0 0 0 0 0 0 0 0 0 0 0 0 0 0 0 0 0 0 0 0 0 0 0 0 0 0 0 15.402062505122732 68.11616375505788 120.83026500499119
 285.92148010162697 236.57565647613308 187.22983285063916 137.88400922514543 88.53818559965151 39.19236197415737 0 0 0 0 0 0 0 0 0 0 0 0 0 0 0 0 0 0 0 0 0 0 0 0 0 0 0 0 0 0 0 0 0 0 0 0 0 0 0 0 0 0 0 0 0 0 0 0 0 0 0 0 0 0 0 0 0 0 0 0 0 0 0 0 0 0 0 0 0 0 0 0 0 0 0 0 0 0 0 0 0 0 0 0 0 0 0 0 0 0 0 0 25.597794022598734 78.31189527253456 131.02599652246815
 305.00998800613917 255.66416438064522 206.3183407551513 156.9725171296575 107.62669350416357 58.28086987866965 8.93504625317567 0 0 0 0 0 0 0 0 0 0 0 0 0 0 0 0 0 0 0 0 0 0 0 0 0 0 0 0 0 0 0 0 0 0 0 0 0 0 0 0 0 0 0 0 0 0 0 0 0 0 0 0 0 0 0 0 0 0 0 0 0 0 0 0 0 0 0 0 0 0 0 0 0 0 0 0 0 0 0 0 0 0 0 0 0 0 0 0 0 0 0 35.79352554007708 88.50762679001181 141.22172803994505
 324.0984959106512 274.75267228515736 225.40684865966344 176.06102503416957 126.7152014086756 77.36937778318178 28.023554157687837 0 0 0 0 0 0 0 0 0 0 0 0 0 0 0 0 0 0 0 0 0 0 0 0 0 0 0 0 0 0 0 0 0 0 0 0 0 0 0 0 0 0 0 0 0 0 0 0 0 0 0 0 0 0 0 0 0 0 0 0 0 0 0 0 0 0 0 0 0 0 0 0 0 0 0 0 0 0 0 0 0 0 0 0 0 0 0 0 0 0 0 45.98925705755311 98.7033583074886 151.4174595574219
 343.1870038151632 293.8411801896693 244.49535656417544 195.14953293868155 145.80370931318765 96.45788568769375 47.11206206219986 0 0 0 0 0 0 0 0 0 0 0 0 0 0 0 0 0 0 0 0 0 0 0 0 0 0 0 0 0 0 0 0 0 0 0 0 0 0 0 0 0 0 0 0 0 0 0 0 0 0 0 0 0 0 0 0 0 0 0 0 0 0 0 0 0 0 0 0 0 0 0 0 0 0 0 0 0 0 0 0 0 0 0 0 0 0 0 0 0 0 3.4708873250857835 56.184988575031895 108.89908982496598 161.61319107489874
 351.26636835663805 304.3812386819171 257.4961090071964 210.61097933247552 163.72584965775457 115.54639359220589 66.20056996671202 16.854746341218167 0 0 0 0 0 0 0 0 0 0 0 0 0 0 0 0 0 0 0 0 0 0 0 0 0 0 0 0 0 0 0 0 0 0 0 0 0 0 0 0 0 0 0 0 0 0 0 0 0 0 0 0 0 0 0 0 0 0 0 0 0 0 0 0 0 0 0 0 0 0 0 0 0 0 0 0 0 0 0 0 0 0 0 0 0 0 0 0 0 13.666618842569871 66.3807200925084 119.09482134244207 171.80892259237535
 327.94783825386696 281.06270857914615 234.17757890442527 187.29244922970474 140.40731955498308 93.522189880262 46.63706020554032 0 0 0 0 0 0 0 0 0 0 0 0 0 0 0 0 0 0 0 0 0 0 0 0 0 0 0 0 0 0 0 0 0 0 0 0 0 0 0 0 0 0 0 0 0 0 0 0 0 0 0 0 0 0 0 0 0 0 0 0 0 0 0 0 0 0 0 0 0 0 0 0 0 0 0 0 0 0 0 0 0 0 0 0 0 0 0 0 0 0 23.862350360058002 76.57645160998679 129.29055285991933 182.0046541098527
 304.62930815109587 257.7441784763751 210.8590488016544 163.97391912693334 117.08878945221227 70.20365977749078 23.31853010276788 0 0 0 0 0 0 0 0 0 0 0 0 0 0 0 0 0 0 0 0 0 0 0 0 0 0 0 0 0 0 0 0 0 0 0 0 0 0 0 0 0 0 0 0 0 0 0 0 0 0 0 0 0 0 0 0 0 0 0 0 0 0 0 0 0 0 0 0 0 0 0 0 0 0 0 0 0 0 0 0 0 0 0 0 0 0 0 0 0 0 34.05808187753194 86.77218312746314 139.48628437739598 192.2003856273291
 281.3107780483247 234.425648373604 187.540518698883 140.65538902416225 93.77025934944113 46.88512967471999 127.45587471748792 0 0 0 0 0 0 0 0 0 0 0 0 0 0 0 0 0 0 0 0 0 0 0 0 0 0 0 0 0 0 0 0 0 0 0 0 0 0 0 0 0 0 0 0 0 0 0 0 0 0 0 0 0 0 0 0 0 0 0 0 0 0 0 0 0 0 0 0 0 0 0 0 0 0 0 0 0 0 0 0 0 0 0 0 0 0 0 0 0 0 47.1675823200408 97.73944955850745 149.68299836654802 202.39611714480637
 257.9922479455534 211.1071182708326 164.2219885961118 117.33685892139086 70.45172924667037 23.56659957194499 0 0 0 0 0 0 0 0 0 0 0 0 0 0 0 0 0 0 0 0 0 0 0 0 0 0 0 0 0 0 0 0 0 0 0 0 0 0 0 0 0 0 0 0 0 0 0 0 0 0 0 0 0 0 0 0 0 0 0 0 0 0 0 0 0 0 0 0 0 0 0 0 0 0 0 0 0 0 0 0 0 0 0 0 0 0 0 0 0 0 13.108608485967002 63.6703840746953 114.23215966342362 164.79393525215193 215.35571084088025
 234.67371784278237 187.78858816806152 140.90345849334088 94.01832881862032 47.13319914389864 0.24806946919024597 0 0 0 0 0 0 0 0 0 0 0 0 0 0 0 0 0 0 0 0 0 0 0 0 0 0 0 0 0 0 0 0 0 0 0 0 0 0 0 0 0 0 0 0 0 0 0 0 0 0 0 0 0 0 0 0 0 0 0 0 0 0 0 0 0 0 0 0 0 0 0 0 0 0 0 0 0 0 0 0 0 0 0 0 0 0 0 0 0 0 29.611410240621332 80.17318582934962 130.734961418078 181.2967370068063 231.85851259553468
 211.3551877400112 164.47005806529035 117.58492839056949 70.69979871584879 23.814669041126105 0 0 0 0 0 0 0 0 0 0 0 0 0 0 0 0 0 0 0 0 0 0 0 0 0 0 0 0 0 0 0 0 0 0 0 0 0 0 0 0 0 0 0 0 0 0 0 0 0 0 0 0 0 0 0 0 0 0 0 0 0 0 0 0 0 0 0 0 0 0 0 0 0 0 0 0 0 0 0 0 0 0 0 0 0 0 0 0 0 0 0 46.11421199527565 96.67598758400398 147.23776317273231 197.79953876146067 248.361314350189
 188.0366576372399 141.1515279625192 94.26639828779815 47.381268613077424 0.49613893834468836 0 0 0 0 0 0 0 0 0 0 0 0 0 0 0 0 0 0 0 0 0 0 0 0 0 0 0 0 0 0 0 0 0 0 0 0 0 0 0 0 0 0 0 0 0 0 0 0 0 0 0 0 0 0 0 0 0 0 0 0 0 0 0 0 0 0 0 0 0 0 0 0 0 0 0 0 0 0 0 0 0 0 0 0 0 0 0 0 0 0 12.055238161201338 62.617013749930365 113.1787893386585 163.74056492738688 214.3023405161152 264.86411610484356
 164.7181275344688 117.83299785974802 70.94786818502729 24.06273851030593 0 0 0 0 0 0 0 0 0 0 0 0 0 0 0 0 0 0 0 0 0 0 0 0 0 0 0 0 0 0 0 0 0 0 0 0 0 0 0 0 0 0 0 0 0 0 0 0 0 0 0 0 0 0 0 0 0 0 0 0 0 0 0 0 0 0 0 0 0 0 0 0 0 0 0 0 0 0 0 0 0 0 0 0 0 0 0 0 0 0 0 28.558039915855115 79.11981550458457 129.68159109331282 180.24336668204123 230.8051422707695 281.3669178594979
 141.39959743169769 94.51446775697679 47.62933808225575 0.7442084075110653 0 0 0 0 0 0 0 0 0 0 0 0 0 0 0 0 0 0 0 0 0 0 0 0 0 0 0 0 0 0 0 0 0 0 0 0 0 0 0 0 0 0 0 0 0 0 0 0 0 0 0 0 0 0 0 0 0 0 0 0 0 0 0 0 0 0 0 0 0 0 0 0 0 0 0 0 0 0 0 0 0 0 0 0 0 0 0 0 0 0 0 45.060841670510115 95.6226172592391 146.18439284796736 196.7461684366956 247.30794402542395 297.8697196141522
 118.08106732892637 71.1959376542055 24.310807979484142 0 0 0 0 0 0 0 0 0 0 0 0 0 0 0 0 0 0 0 0 0 0 0 0 0 0 0 0 0 0 0 0 0 0 0 0 0 0 0 0 0 0 0 0 0 0 0 0 0 0 0 0 0 0 0 0 0 0 0 0 0 0 0 0 0 0 0 0 0 0 0 0 0 0 0 0 0 0 0 0 0 0 0 0 0 0 0 0 0 0 0 11.001867836436158 61.56364342516456 112.12541901389359 162.68719460262184 213.24897019135003 263.81074578007843 314.3725213688067
 94.76253722615525 47.877407551434395 0.9922778767162294 0 0 0 0 0 0 0 0 0 0 0 0 0 0 0 0 0 0 0 0 0 0 0 0 0 0 0 0 0 0 0 0 0 0 0 0 0 0 0 0 0 0 0 0 0 0 0 0 0 0 0 0 0 0 0 0 0 0 0 0 0 0 0 0 0 0 0 0 0 0 0 0 0 0 0 0 0 0 0 0 0 0 0 0 0 0 0 0 0 0 0 27.504669591089346 78.06644517981876 128.62822076854786 179.1899963572761 229.75177194600437 280.3135475347327 330.87532312346104
 71.44400712338413 24.55887744866323 0 0 0 0 0 0 0 0 0 0 0 0 0 0 0 0 0 0 0 0 0 0 0 0 0 0 0 0 0 0 0 0 0 0 0 0 0 0 0 0 0 0 0 0 0 0 0 0 0 0 0 0 0 0 0 0 0 0 0 0 0 0 0 0 0 0 0 0 0 0 0 0 0 0 0 0 0 0 0 0 0 0 0 0 0 0 0 0 0 0 0 0 44.007471345744634 94.5692469344732 145.13102252320195 195.6927981119303 246.25457370065882 296.8163492893871 347.3781248781154
 48.125477020612806 1.240347345892154 0 0 0 0 0 0 0 0 0 0 0 0 0 0 0 0 0 0 0 0 0 0 0 0 0 0 0 0 0 0 0 0 0 0 0 0 0 0 0 0 0 0 0 0 0 0 0 0 0 0 0 0 0 0 0 0 0 0 0 0 0 0 0 0 0 0 0 0 0 0 0 0 0 0 0 0 0 0 0 0 0 0 0 0 0 0 0 0 0 0 0 9.948497511667991 60.51027310039898 111.07204868912754 161.63382427785638 212.1955998665849 262.75737545531337 313.3191510440416 363.88092663276996
 24.806946917841678 0 0 0 0 0 0 0 0 0 0 0 0 0 0 0 0 0 0 0 0 0 0 0 0 0 0 0 0 0 0 0 0 0 0 0 0 0 0 0 0 0 0 0 0 0 0 0 0 0 0 0 0 0 0 0 0 0 0 0 0 0 0 0 0 0 0 0 0 0 0 0 0 0 0 0 0 0 0 0 0 0 0 0 0 0 0 0 0 0 0 0 0 26.451299266326274 77.01307485505346 127.57485044378222 178.13662603251083 228.6984016212394 279.2601772099676 329.8219527986961 380.38372838742424
 1.4884168150705575 0 0 0 0 0 0 0 0 0 0 0 0 0 0 0 0 0 0 0 0 0 0 0 0 0 0 0 0 0 0 0 0 0 0 0 0 0 0 0 0 0 0 0 0 0 0 0 0 0 0 0 0 0 0 0 0 0 0 0 0 0 0 0 0 0 0 0 0 0 0 0 0 0 0 0 0 0 0 0 0 0 0 0 0 0 0 0 0 0 0 0 0 42.954101020980104 93.51587660970819 144.07765219843643 194.63942778716552 245.20120337589378 295.76297896462205 346.32475455335043 396.88653014207887
 28.974202746213912 0 0 0 0 0 0 0 0 0 0 0 0 0 0 0 0 0 0 0 0 0 0 0 0 0 0 0 0 0 0 0 0 0 0 0 0 0 0 0 0 0 0 0 0 0 0 0 0 0 0 0 0 0 0 0 0 0 0 0 0 0 0 0 0 0 0 0 0 0 0 0 0 0 0 0 0 0 0 0 0 0 0 0 0 0 0 0 0 0 0 0 8.895127186907759 59.45690277563439 110.01867836436287 160.58045395309105 211.14222954181975 261.70400513054835 312.2657807192765 362.8275563080051 413.3893318967331
 59.923919316035104 19.284777801860777 0 0 0 0 0 0 0 0 0 0 0 0 0 0 0 0 0 0 0 0 0 0 0 0 0 0 0 0 0 0 0 0 0 0 0 0 0 0 0 0 0 0 0 0 0 0 0 0 0 0 0 0 0 0 0 0 0 0 0 0 0 0 0 0 0 0 0 0 0 0 0 0 0 0 0 0 0 0 0 0 0 0 0 0 0 0 0 0 0 0 25.39792894155696 75.95970453028788 126.521480119017 177.08325570774485 227.64503129647386 278.20680688520247 328.7685824739309 379.33035806265906 429.89213365138727
 90.87363588585488 50.23449437168696 9.595352857505311 0 0 0 0 0 0 0 0 0 0 0 0 0 0 0 0 0 0 0 0 0 0 0 0 0 0 0 0 0 0 0 0 0 0 0 0 0 0 0 0 0 0 0 0 0 0 0 0 0 0 0 0 0 0 0 0 0 0 0 0 0 0 0 0 0 0 0 0 0 0 0 0 0 0 0 0 0 0 0 0 0 0 0 0 0 0 0 0 0 41.90073069621384 92.46250628494296 143.02428187367124 193.58605746239957 244.14783305112846 294.70960863985704 345.2713842285851 395.8331598173137 446.3949354060418
 121.82335245567664 81.18421094150511 40.545069427335385 0 0 0 0 0 0 0 0 0 0 0 0 0 0 0 0 0 0 0 0 0 0 0 0 0 0 0 0 0 0 0 0 0 0 0 0 0 0 0 0 0 0 0 0 0 0 0 0 0 0 0 0 0 0 0 0 0 0 0 0 0 0 0 0 0 0 0 0 0 0 0 0 0 0 0 0 0 0 0 0 0 0 0 0 0 0 0 0 7.8417568621258065 58.403532450868845 108.96530803959625 157.1976856049429 202.98959402121764 248.78150243749292 294.5734108537676 340.3653192700423 386.1572276863169 431.9491361025916
 152.7730690254964 112.13392751132506 71.49478599715297 30.855644482985213 0 0 0 0 0 0 0 0 0 0 0 0 0 0 0 0 0 0 0 0 0 0 0 0 0 0 0 0 0 0 0 0 0 0 0 0 0 0 0 0 0 0 0 0 0 0 0 0 0 0 0 0 0 0 0 0 0 0 0 0 0 0 0 0 0 0 0 0 0 0 0 0 0 0 0 0 0 0 0 0 0 0 0 0 0 0 0 0 40.70391859224417 86.49582700851887 132.2877354247935 178.0796438410682 223.87155225734344 269.66346067361815 315.4553690898928 361.24727750616756 407.03918592244224
 183.7227855953163 143.08364408114514 102.44450256697426 61.80536105280366 21.166219538635023 0 0 0 0 0 0 0 0 0 0 0 0 0 0 0 0 0 0 0 0 0 0 0 0 0 0 0 0 0 0 0 0 0 0 0 0 0 0 0 0 0 0 0 0 0 0 0 0 0 0 0 0 0 0 0 0 0 0 0 0 0 0 0 0 0 0 0 0 0 0 0 0 0 0 0 0 0 0 0 0 0 0 0 0 0 0 0 15.793968412094832 61.585876828369415 107.3777852446441 153.16969366091877 198.96160207719402 244.75351049346878 290.5454189097435 336.33732732601817 382.12923574229274
 214.6725021651373 174.03336065096588 133.3942191367948 92.75507762262332 52.11593610845193 11.476794594278566 0 0 0 0 0 0 0 0 0 0 0 0 0 0 0 0 0 0 0 0 0 0 0 0 0 0 0 0 0 0 0 0 0 0 0 0 0 0 0 0 0 0 0 0 0 0 0 0 0 0 0 0 0 0 0 0 0 0 0 0 0 0 0 0 0 0 0 0 0 0 0 0 0 0 0 0 0 0 0 0 0 0 0 0 0 0 0 36.67592664821993 82.46783506449454 128.25974348076917 174.05165189704442 219.84356031331922 265.63546872959387 311.42737714586855 357.2192855621432
 245.62221873495758 204.9830772207863 164.34393570661436 123.70479419244356 83.06565267827219 42.42651116410199 1.787369649972926 0 0 0 0 0 0 0 0 0 0 0 0 0 0 0 0 0 0 0 0 0 0 0 0 0 0 0 0 0 0 0 0 0 0 0 0 0 0 0 0 0 0 0 0 0 0 0 0 0 0 0 0 0 0 0 0 0 0 0 0 0 0 0 0 0 0 0 0 0 0 0 0 0 0 0 0 0 0 0 0 0 0 0 0 0 0 11.765976468069738 57.55788488434516 103.34979330061982 149.141701716895 194.93361013316974 240.72551854944447 286.51742696571915 332.30933538199383
 276.5719353047775 235.93279379060624 195.2936522764347 154.65451076226358 114.0153692480915 73.3762277339208 32.73708621974999 0 0 0 0 0 0 0 0 0 0 0 0 0 0 0 0 0 0 0 0 0 0 0 0 0 0 0 0 0 0 0 0 0 0 0 0 0 0 0 0 0 0 0 0 0 0 0 0 0 0 0 0 0 0 0 0 0 0 0 0 0 0 0 0 0 0 0 0 0 0 0 0 0 0 0 0 0 0 0 0 0 0 0 0 0 0 0 32.647934704195656 78.43984312047041 124.23175153674568 170.02365995302034 215.81556836929502 261.6074767855697 307.39938520184427
 307.52165187459826 266.8825103604269 226.2433688462553 185.60422733208367 144.96508581791196 104.32594430374098 63.68680278956986 23.04766127539952 0 0 0 0 0 0 0 0 0 0 0 0 0 0 0 0 0 0 0 0 0 0 0 0 0 0 0 0 0 0 0 0 0 0 0 0 0 0 0 0 0 0 0 0 0 0 0 0 0 0 0 0 0 0 0 0 0 0 0 0 0 0 0 0 0 0 0 0 0 0 0 0 0 0 0 0 0 0 0 0 0 0 0 0 0 0 7.73798452404551 53.52989294032052 99.32180135659588 145.11370977287098 190.90561818914526 236.69752660542008 282.48943502169476
 338.4713684444182 297.8322269302469 257.1930854160756 216.5539439019043 175.91480238773286 135.27566087356118 94.63651935938981 53.99737784521865 13.35823633104725 0 0 0 0 0 0 0 0 0 0 0 0 0 0 0 0 0 0 0 0 0 0 0 0 0 0 0 0 0 0 0 0 0 0 0 0 0 0 0 0 0 0 0 0 0 0 0 0 0 0 0 0 0 0 0 0 0 0 0 0 0 0 0 0 0 0 0 0 0 0 0 0 0 0 0 0 0 0 0 0 0 0 0 0 0 0 28.61994276017128 74.411851176447 120.20375959272107 165.99566800899615 211.78757642527083 257.5794848415451
 369.4210850142387 328.78194350006737 288.1428019858957 247.50366047172432 206.864518957553 166.22537744338152 125.58623592921016 84.94709441503903 44.30795290086718 3.6688113866958463 0 0 0 0 0 0 0 0 0 0 0 0 0 0 0 0 0 0 0 0 0 0 0 0 0 0 0 0 0 0 0 0 0 0 0 0 0 0 0 0 0 0 0 0 0 0 0 0 0 0 0 0 0 0 0 0 0 0 0 0 0 0 0 0 0 0 0 0 0 0 0 0 0 0 0 0 0 0 0 0 0 0 0 0 0 3.70999258002407 49.501900996297735 95.29380941257168 141.0857178288466 186.87762624512118 232.6695346613959
 400.370801584059 359.7316600698876 319.09251855571614 278.4533770415448 237.81423552737323 197.17509401320171 156.53595249903037 115.89681098485909 75.2576694706876 34.61852795651623 0 0 0 0 0 0 0 0 0 0 0 0 0 0 0 0 0 0 0 0 0 0 0 0 0 0 0 0 0 0 0 0 0 0 0 0 0 0 0 0 0 0 0 0 0 0 0 0 0 0 0 0 0 0 0 0 0 0 0 0 0 0 0 0 0 0 0 0 0 0 0 0 0 0 0 0 0 0 0 0 0 0 0 0 0 0 24.591950816147268 70.383859232422 116.17576764869702 161.96767606497198 207.75958448124632
 431.32051815387945 390.6813766397081 350.0422351255367 309.4030936113653 268.76395209719385 228.12481058302242 187.48566906885117 146.84652755467962 106.20738604050818 65.5682445263369 24.929103012165026 0 0 0 0 0 0 0 0 0 0 0 0 0 0 0 0 0 0 0 0 0 0 0 0 0 0 0 0 0 0 0 0 0 0 0 0 0 0 0 0 0 0 0 0 0 0 0 0 0 0 0 0 0 0 0 0 0 0 0 0 0 0 0 0 0 0 0 0 0 0 0 0 0 0 0 0 0 0 0 0 0 0 0 0 0 0 45.473909052272795 91.26581746854751 137.05772588482225 182.84963430109704
 462.2702347236997 421.6310932095284 380.99195169535693 340.35281018118553 299.713668667014 259.07452715284256 218.43538563867128 177.79624412449988 137.15710261032848 96.51796109615698 55.87881958198568 15.23967806781422 0 0 0 0 0 0 0 0 0 0 0 0 0 0 0 0 0 0 0 0 0 0 0 0 0 0 0 0 0 0 0 0 0 0 0 0 0 0 0 0 0 0 0 0 0 0 0 0 0 0 0 0 0 0 0 0 0 0 0 0 0 0 0 0 0 0 0 0 0 0 0 0 0 0 0 0 0 0 0 0 0 0 0 0 0 20.56395887212147 66.35586728839792 112.1477757046728 157.9396841209477
 493.21995129352 452.58080977934867 411.94166826517716 371.30252675100576 330.6633852368343 290.02424372266296 249.3851022084916 208.7459606943202 168.1068191801487 127.4676776659773 86.82853615180589 46.189394637634514 5.55025312346309 0 0 0 0 0 0 0 0 0 0 0 0 0 0 0 0 0 0 0 0 0 0 0 0 0 0 0 0 0 0 0 0 0 0 0 0 0 0 0 0 0 0 0 0 0 0 0 0 0 0 0 0 0 0 0 0 0 0 0 0 0 0 0 0 0 0 0 0 0 0 0 0 0 0 0 0 0 0 0 0 0 0 0 0 0 41.44591710824764 87.23782552452353 133.02973394079848
 524.1696678633406 483.5305263491692 442.8913848349977 402.2522433208263 361.6131018066549 320.9739602924834 280.33481877831207 239.69567726414067 199.05653574996924 158.41739423579784 117.77825272162642 77.13911120745503 36.499969693283596 0 0 0 0 0 0 0 0 0 0 0 0 0 0 0 0 0 0 0 0 0 0 0 0 0 0 0 0 0 0 0 0 0 0 0 0 0 0 0 0 0 0 0 0 0 0 0 0 0 0 0 0 0 0 0 0 0 0 0 0 0 0 0 0 0 0 0 0 0 0 0 0 0 0 0 0 0 0 0 0 0 0 0 0 0 16.535966928097956 62.32787534437409 108.11978376064822
 555.1193844331608 514.4802429189893 473.84110140481795 433.20195989064655 392.56281837647515 351.9236768623037 311.2845353481323 270.64539383396095 230.00625231978952 189.3671108056181 148.72796929144667 108.08882777727528 67.44968626310387 31.043788656656744 0 0 0 0 0 0 0 0 0 0 0 0 0 0 0 0 0 0 0 0 0 0 0 0 0 0 0 0 0 0 0 0 0 0 0 0 0 0 0 0 0 0 0 0 0 0 0 0 0 0 0 0 0 0 0 0 0 0 0 0 0 0 0 0 0 0 0 0 0 0 0 0 0 0 0 0 0 0 0 0 0 0 0 0 0 37.41792516422506 83.20983358049762
 586.0691010029811 545.4299594888097 504.7908179746382 464.1516764604668 423.5125349462954 382.873393432124 342.2342519179526 301.5951104037812 260.9559688896098 220.31682737543838 179.67768586126692 139.03854434709558 101.9741421327793 66.41489330788514 30.85564448298176 0 0 0 0 0 0 0 0 0 0 0 0 0 0 0 0 0 0 0 0 0 0 0 0 0 0 0 0 0 0 0 0 0 0 0 0 0 0 0 0 0 0 0 0 0 0 0 0 0 0 0 0 0 0 0 0 0 0 0 0 0 0 0 0 0 0 0 0 0 0 0 0 0 0 0 0 0 0 0 0 0 0 0 0 12.507974984067557 58.29988340034692
 617.0188175728013 576.3796760586299 535.7405345444585 495.1013930302871 454.46225151611566 413.82311000194426 373.18396848777286 332.54482697360146 291.90568545943006 251.26654394525866 210.6274024310872 172.90449560890414 137.3452467840055 101.78599795910517 66.22674913420572 30.6675003093103 0 0 0 0 0 0 0 0 0 0 0 0 0 0 0 0 0 0 0 0 0 0 0 0 0 0 0 0 0 0 0 0 0 0 0 0 0 0 0 0 0 0 0 0 0 0 0 0 0 0 0 0 0 0 0 0 0 0 0 0 0 0 0 0 0 0 0 0 0 0 0 0 0 0 0 0 0 0 0 0 0 0 0 0 33.389933220196944
 647.9685341426222 607.3293926284506 566.6902511142792 526.0511096001078 485.4119680859365 444.772826571765 404.1336850575936 363.49454354342225 322.8554020292508 282.2162605150794 243.83484908502925 208.27560026012887 172.7163514352293 137.15710261032953 101.59785378542998 66.03860496053223 30.47935613562844 0 0 0 0 0 0 0 0 0 0 0 0 0 0 0 0 0 0 0 0 0 0 0 0 0 0 0 0 0 0 0 0 0 0 0 0 0 0 0 0 0 0 0 0 0 0 0 0 0 0 0 0 0 0 0 0 0 0 0 0 0 0 0 0 0 0 0 0 0 0 0 0 0 0 0 0 0 0 0 0 0 0 0 8.479983040028854
 678.9182507124423 638.2791091982708 597.6399676840996 557.000826169928 516.3616846557568 475.72254314158533 435.08340162741393 394.44426011324254 353.80511859907114 314.89204499320095 279.20595373625275 243.6467049113515 208.0874560864523 172.5282072615518 136.96895843665274 101.40970961175167 65.8504607868512 30.29121196195358 0 0 0 0 0 0 0 0 0 0 0 0 0 0 0 0 0 0 0 0 0 0 0 0 0 0 0 0 0 0 0 0 0 0 0 0 0 0 0 0 0 0 0 0 0 0 0 0 0 0 0 0 0 0 0 0 0 0 0 0 0 0 0 0 0 0 0 0 0 0 0 0 0 0 0 0 0 0 0 0 0 0 0
 709.8679672822626 669.2288257680912 628.5896842539198 587.9505427397484 547.3114012255769 506.67225971140545 466.03311819723416 425.3939766830628 386.14505046679034 350.1363072123748 314.5770583874756 279.01780956257534 243.4585607376745 207.89931191277518 172.34006308787536 136.78081426297496 101.2215654380744 65.66231661317559 30.103067788276412 0 0 0 0 0 0 0 0 0 0 0 0 0 0 0 0 0 0 0 0 0 0 0 0 0 0 0 0 0 0 0 0 0 0 0 0 0 0 0 0 0 0 0 0 0 0 0 0 0 0 0 0 0 0 0 0 0 0 0 0 0 0 0 0 0 0 0 0 0 0 0 0 0 0 0 0 0 0 0 0 0 0
 740.8176838520828 700.1785423379115 659.53940082374 618.9002593095687 578.2611177953974 537.6219762812259 496.9828347670544 457.503005454609 421.0666606884982 385.50741186359824 349.9481630386985 314.38891421379793 278.82966538889804 243.27041656399828 207.71116773909827 172.15191891419914 136.5926700892985 101.03342126439891 65.4741724394989 29.91492361459927 0 0 0 0 0 0 0 0 0 0 0 0 0 0 0 0 0 0 0 0 0 0 0 0 0 0 0 0 0 0 0 0 0 0 0 0 0 0 0 0 0 0 0 0 0 0 0 0 0 0 0 0 0 0 0 0 0 0 0 0 0 0 0 0 0 0 0 0 0 0 0 0 0 0 0 0 0 0 0 0 0
 771.7674004219031 731.1282589077318 690.4891173935603 649.8499758793888 609.2108343652176 568.5716928510461 528.9234349128425 491.9970141646211 456.4377653397219 420.87851651482174 385.31926768992207 349.7600188650213 314.20077004012137 278.6415212152219 243.08227239032158 207.52302356542182 171.96377474052125 136.404525915622 100.84527709072167 65.28602826582168 29.726779440922147 0 0 0 0 0 0 0 0 0 0 0 0 0 0 0 0 0 0 0 0 0 0 0 0 0 0 0 0 0 0 0 0 0 0 0 0 0 0 0 0 0 0 0 0 0 0 0 0 0 0 0 0 0 0 0 0 0 0 0 0 0 0 0 0 0 0 0 0 0 0 0 0 0 0 0 0 0 0 0 0
 802.7171169917235 762.0779754775521 721.4388339633806 680.7996924492091 640.1605509350377 600.3840437586593 562.9715800997416 527.3681188158449 491.8088699909448 456.2496211660445 420.69037234114495 385.1311235162445 349.5718746913445 314.01262586644475 278.4533770415447 242.89412821664476 207.3348793917442 171.77563056684463 136.2163817419445 100.65713291704476 65.09788409214474 29.53863526724505 0 0 0 0 0 0 0 0 0 0 0 0 0 0 0 0 0 0 0 0 0 0 0 0 0 0 0 0 0 0 0 0 0 0 0 0 0 0 0 0 0 0 0 0 0 0 0 0 0 0 0 0 11.30303014974459 0 0 0 0 0 0 0 0 0 0 0 0 0 0 0 0 0 0 0 0 0 0 0 0 0 0
 833.6668335615437 793.0276920473723 752.3885505332008 711.7494090190294 671.8720116212609 634.0788594488856 598.2984722919676 562.7392234670676 527.1799746421676 491.62072581726807 456.0614769923677 420.5022281674677 384.9429793425674 349.38373051766786 313.824481692768 278.2652328678678 242.70598404296763 207.146735218068 171.58748639316798 136.02823756826803 100.46898874336789 64.90973991846836 29.350491093569193 0 0 0 0 0 0 0 0 0 0 0 0 0 0 0 0 0 0 0 0 0 0 0 0 0 0 0 0 0 0 0 0 0 0 0 0 0 0 0 0 0 0 0 0 0 0 0 0 0 0 9.460144799242709 30.952460233728356 0 0 0 0 0 0 0 0 0 0 0 0 0 0 0 0 0 0 0 0 0 0 0 0 0 0
 864.6165501313644 823.9774086171929 783.3382671030216 743.3794455054566 705.2836308890206 669.2288257680914 633.6695769431913 598.110328118291 562.5510792933915 526.9918304684912 491.43258164359145 455.8733328186913 420.3140839937916 384.7548351688914 349.19558634399164 313.63633751909174 278.0770886941914 242.51783986929158 206.9585910443916 171.39934221949144 135.84009339459158 100.28084456969164 64.72159574479187 29.162346919891846 0 0 0 0 0 0 0 0 0 0 0 0 0 0 0 0 0 0 0 0 0 0 0 0 0 0 0 0 0 0 0 0 0 0 0 0 0 0 0 0 0 0 0 0 0 0 0 0 7.617259448741014 44.106389388677975 50.40119861588699 1.2414088328716246 0 0 0 0 0 0 0 0 0 0 0 0 0 0 0 0 0 0 0 0 0 0 0 0 0
 895.5662667011846 854.9271251870134 814.9012210077981 776.5590769542264 740.1591792442148 704.5999304193143 669.0406815944145 633.4814327695144 597.9221839446145 562.3629351197146 526.8036862948146 491.2444374699147 455.68518864501453 420.125939820115 384.56669099521486 349.0074421703149 313.4481933454147 277.8889445205149 242.3296956956148 206.77044687071486 171.21119804581483 135.6519492209148 100.09270039601479 64.53345157111484 28.974202746214832 0 0 0 0 0 0 0 0 0 0 0 0 0 0 0 0 0 0 0 0 0 0 0 0 0 0 0 0 0 0 0 0 0 0 0 0 0 0 0 0 0 0 0 0 0 0 5.774374098240106 42.26350403817617 78.75263397811277 69.84993699803962 20.690147215056328 0 0 0 0 0 0 0 0 0 0 0 0 0 0 0 0 0 0 0 0 0 0 0 0 0
 926.5159832710049 886.4338666815478 847.8873745964142 811.1060349917265 775.5302838954376 739.9710350705376 704.4117862456378 668.8525374207377 633.293288595838 597.7340397709378 562.1747909460379 526.6155421211378 491.0562932962377 455.49704447133774 419.9377956464379 384.3785468215379 348.8192979966376 313.260049171738 277.7008003468379 242.14155152193797 206.58230269703787 171.02305387213798 135.46380504723808 99.90455622233816 64.34530739743802 28.786058572537996 0 0 0 0 0 0 0 0 0 0 0 0 0 0 0 0 0 0 0 0 0 0 0 0 0 0 0 0 0 0 0 0 0 0 0 0 0 0 0 0 0 0 0 0 3.9314887477392535 40.42061868767437 76.90974862761092 113.39887856754754 89.29867538019732 40.13888559721418 0 0 0 0 0 0 0 0 0 0 0 0 0 0 0 0 0 0 0 0 0 0 0 0 0
 957.9749474803608 919.2562210831103 882.1451127790709 846.4606373715608 810.9013885466608 775.3421397217609 739.7828908968609 704.223642071961 668.6643932470608 633.1051444221611 597.545895597261 561.986646772361 526.4273979474609 490.8681491225611 455.3089002976612 419.7496514727611 384.190402647861 348.6311538229613 313.071904998061 277.5126561731612 241.95340734826112 206.3941585233612 170.83490969846116 135.2756608735612 99.71641204866124 64.15716322376129 28.597914398861345 0 0 0 0 0 0 0 0 0 0 0 0 0 0 0 0 0 0 0 0 0 0 0 0 0 0 0 0 0 0 0 0 0 0 0 0 0 0 0 0 0 0 2.088603397233289 38.577733337172084 75.06686327710878 111.55599321704565 148.04512315698224 108.74741376235151 59.58762397937384 10.427834196389025 0 0 0 0 0 0 0 0 0 0 0 0 0 0 0 0 0 0 0 0 0 0 0 0
 990.6568528002014 953.2664894980835 917.3909908476841 881.8317420227838 846.2724931978843 810.7132443729838 775.1539955480839 739.594746723184 704.0354978982839 668.4762490733841 632.9170002484841 597.357751423584 561.7985025986841 526.2392537737844 490.6800049488844 455.1207561239843 419.5615072990842 384.00225847418454 348.44300964928425 312.88376082438424 277.32451199948434 241.76526317458436 206.2060143496843 170.64676552478443 135.08751669988436 99.52826787498442 63.96901905008453 28.409770225184488 0 0 0 0 0 0 0 0 0 0 0 0 0 0 0 0 0 0 0 0 0 0 0 0 0 0 0 0 0 0 0 0 0 0 0 0 0 0 0 0 0.2457180466252646 36.73484798667058 73.22397792660672 109.71310786654375 146.20223780648047 177.35594192748752 128.1961521445071 79.0363623615268 29.876572578542472 0 0 0 0 0 0 0 0 0 0 0 0 0 0 0 0 0 0 0 0 0 0 0 0
 1024.453024789326 988.3213443238071 952.7620954989073 917.2028466740073 881.6435978491073 846.0843490242072 810.5251001993072 774.9658513744074 739.4066025495073 703.8473537246073 668.2881048997074 632.7288560748071 597.1696072499074 561.6103584250073 526.0511096001073 490.4918607752075 454.9326119503074 419.3733631254075 383.8141143005074 348.2548654756074 312.6956166507075 277.1363678258076 241.57711900090754 206.0178701760076 170.45862135110752 134.89937252620757 89.30500890422991 35.72200356168978 0 0 0 0 0 0 0 0 0 0 0 0 0 0 0 0 0 0 0 0 0 0 0 0 0 0 0 0 0 0 0 0 0 0 0 0 0 0 0 0 34.89196263616805 71.38109257610515 107.87022251604135 144.3593524559786 180.84848239591525 196.80468030964238 147.64489052666258 98.48510074368278 49.32531096070015 0.165521178605295 0 0 0 0 0 0 0 0 0 0 0 0 0 0 0 0 0 0 0 0 0 0 0
 1059.256814941495 1023.6924489750309 988.1332001501312 952.573951325231 917.0147025003312 881.4554536754309 845.8962048505309 810.3369560256308 774.777707200731 739.218458375831 703.6592095509311 668.099960726031 632.5407119011307 596.981463076231 561.4222142513311 525.8629654264312 490.30371660153105 454.7444677766312 419.1852189517312 383.6259701268312 348.06672130193124 312.5074724770312 276.94822365213116 241.38897482723127 190.64138706361305 137.0583817210752 83.47537637853762 29.8923710359974 0 0 0 0 0 0 0 0 0 0 0 0 0 0 0 0 0 0 0 0 0 0 0 0 0 0 0 0 0 0 0 0 0 0 0 0 0 0 0 33.049077285666236 69.53820722560317 106.02733716553998 142.51646710547666 179.0055970454138 215.49472698535052 216.2534186917989 167.09362890881798 117.9338391258385 68.77404934285536 19.61425955987905 0 0 0 0 0 0 0 0 0 0 0 0 0 0 0 0 0 0 0 0 0 0 0
 1094.6228024511538 1059.0635536262541 1023.5043048013542 987.9450559764541 952.3858071515539 916.8265583266541 881.2673095017542 845.7080606768543 810.1488118519543 774.589563027054 739.0303142021543 703.471065377254 667.9118165523541 632.3525677274542 596.7933189025543 561.2340700776545 525.6748212527543 490.1155724278544 454.5563236029543 418.9970747780543 383.4378259531543 345.5607705655348 291.9777652229964 238.3947598804586 184.8117545379204 131.22874919538214 77.64574385284469 24.062738510304456 0 0 0 0 0 0 0 0 0 0 0 0 0 0 0 0 0 0 0 0 0 0 0 0 0 0 0 0 0 0 0 0 0 0 0 0 0 0 31.206191935164675 67.6953218751008 104.18445181503839 140.67358175497492 177.16271169491142 213.6518416348486 250.14097157478514 235.70215707395374 186.54236729097335 137.38257750799409 88.22278772501298 39.062997942033206 0 0 0 0 0 0 0 0 0 0 0 0 0 0 0 0 0 0 0 0 0 0 0
 1129.9939071023773 1094.4346582774772 1058.8754094525773 1023.316160627677 987.7569118027772 952.1976629778771 916.6384141529771 881.0791653280776 845.5199165031773 809.9606676782776 774.4014188533774 738.8421700284772 703.2829212035773 667.7236723786774 632.1644235537774 596.6051747288774 561.0459259039773 525.4866770790776 489.92742825417747 446.8971487249179 393.31414338237965 339.73113803984177 286.1481326973035 232.5651273547657 178.98212201222742 125.39911666968922 71.8161113271515 18.23310598460845 0 0 0 0 0 0 0 0 0 0 0 0 0 0 0 0 0 0 0 0 0 0 0 0 0 0 0 0 0 0 0 0 0 0 0 0 0 29.363306584662197 65.85243652459958 102.34156646453619 138.83069640447286 175.31982634440973 211.8089562843462 248.29808622428348 284.78721616421996 255.15089545610982 205.99110567312954 156.83131589014886 107.67152610716806 58.51173632418863 9.351946541205605 0 0 0 0 0 0 0 0 0 0 0 0 0 0 0 0 0 0 0 0 0 0
 1165.3650117536004 1129.8057629287005 1094.2465141038003 1058.6872652789004 1023.1280164540004 987.5687676291006 952.0095188042004 916.4502699793004 880.8910211544005 845.3317723295006 809.7725235046005 774.2132746797004 738.6540258548004 703.0947770299006 667.5355282050007 631.9762793801007 596.4170305552007 548.2335268843012 494.6505215417632 441.0675161992252 387.484510856687 333.90150551414905 280.3185001716107 226.7354948290728 173.1524894865347 119.56948414399689 65.98647880145874 12.403473458916526 0 0 0 0 0 0 0 0 0 0 0 0 0 0 0 0 0 0 0 0 0 0 0 0 0 0 0 0 0 0 0 0 0 0 0 0 27.520421234159283 64.0095511740977 100.49868111403455 136.98781105397083 173.4769409939075 209.96607093384458 246.45520087378102 282.94433081371824 319.4334607536547 274.59963383826545 225.4398440552847 176.2800542723043 127.12026448932372 77.96047470634348 28.80068492336296 0 0 0 0 0 0 0 0 0 0 0 0 0 0 0 0 0 0 0 0 0 0
 1200.7361164048232 1165.1768675799235 1129.6176187550234 1094.0583699301235 1058.4991211052236 1022.9398722803236 987.3806234554238 951.8213746305236 916.2621258056238 880.7028769807235 845.1436281558238 809.5843793309235 774.0251305060235 738.4658816811238 702.906632856224 649.5699050436847 595.9868997011466 542.4038943586086 488.8208890160704 435.23788367353245 381.6548783309943 328.07187298845633 274.4888676459181 220.9058623033801 167.32285696084202 113.73985161830396 60.156846275766306 6.573840933220637 0 0 0 0 0 0 0 0 0 0 0 0 0 0 0 0 0 0 0 0 0 0 0 0 0 0 0 0 0 0 0 0 0 0 0 25.677535883654446 62.16666582359566 98.65579576353213 135.14492570346928 171.63405564340607 208.12318558334232 244.61231552327942 281.10144546321584 317.59057540315297 343.20816200340175 294.0483722204212 244.8885824374405 195.72879265446025 146.56900287147926 97.40921308849845 48.24942330551855 0 0 0 0 0 0 0 0 0 0 0 0 0 0 0 0 0 0 0 0 0 0
 1236.1072210560467 1200.5479722311468 1164.9887234062467 1129.4294745813468 1093.8702257564466 1058.3109769315467 1022.7517281066466 987.1924792817467 951.6332304568468 916.073981631947 880.5147328070468 844.9554839821467 804.4892885456061 750.9062832030681 697.32327786053 643.7402725179919 590.1572671754539 536.5742618329158 482.99125649037774 429.4082511478396 375.8252458053015 322.2422404627636 268.65923512022533 215.07622977768742 161.49322443514922 107.9102190926115 54.327213750073255 0.7442084074991308 0 0 0 0 0 0 0 0 0 0 0 0 0 0 0 0 0 0 0 0 0 0 0 0 0 0 0 0 0 0 0 0 0 0 23.834650533156182 60.323780473092846 96.81291041303031 133.3020403529671 169.79117029290413 206.2803002328407 242.76943017277713 279.25856011271424 315.7476900526504 352.2368199925876 362.65690038555744 313.4971106025768 264.33732081959647 215.17753103661573 166.01774125363534 116.85795147065498 67.69816168767441 18.53837190469735 0 0 0 0 0 0 0 0 0 0 0 0 0 0 0 0 0 0 0 0 0
 1271.4783257072704 1235.9190768823703 1200.3598280574704 1164.8005792325703 1129.2413304076706 1093.6820815827705 1058.1228327578706 1022.5635839329705 987.0043351080704 951.4450862831704 905.8256667049893 852.2426613624513 798.6596560199131 745.0766506773751 691.4936453348371 637.9106399922991 584.327634649761 530.7446293072229 477.1616239646848 423.5786186221468 369.9956132796087 316.4126079370708 262.82960259453245 209.24659725199444 155.66359190945641 102.08058656691836 48.497581224380504 0 0 0 0 0 0 0 0 0 0 0 0 0 0 0 0 0 0 0 0 0 0 0 0 0 0 0 0 0 0 0 0 0 0 21.991765182659684 58.480895122591626 94.97002506253025 131.45915500246622 167.94828494240252 204.4374148823397 240.92654482227616 277.4156747622126 313.90480470214925 350.39393464208575 386.8830645820229 382.10563876771323 332.94584898473255 283.7860592017518 234.62626941877147 185.46647963579076 136.30668985281048 87.14690006982997 37.9871102868494 0 0 0 0 0 0 0 0 0 0 0 0 0 0 0 0 0 0 0 0 0
 1306.8494303584937 1271.2901815335936 1235.7309327086937 1200.1716838837933 1164.6124350588937 1129.0531862339935 1093.4939374090939 1057.9346885841937 1007.1620448643725 953.5790395218347 899.9960341792965 846.4130288367583 792.8300234942204 739.2470181516824 685.6640128091444 632.0810074666064 578.4980021240681 524.9149967815301 471.33199143899196 417.7489860964541 364.1659807539159 310.582975411378 256.99997006883984 203.41696472630196 149.8339593837636 96.25095404122557 42.66794869868754 0 0 0 0 0 0 0 0 0 0 0 0 0 0 0 0 0 0 0 0 0 0 0 0 0 0 0 0 0 0 0 0 0 20.148879832158386 56.638009772092154 93.12713971202675 129.6162696519653 166.10539959190135 202.5945295318373 239.08365947177347 275.57278941171046 312.06191935164725 348.551049291584 385.0401792315204 421.5293091714577 401.5543771498689 352.3945873668881 303.2347975839076 254.0750078009272 204.91521801794644 155.7554282349658 106.59563845198554 57.435848669004486 8.276058886021415 0 0 0 0 0 0 0 0 0 0 0 0 0 0 0 0 0 0 59.09314681077663 21.931477166886353
 1342.2205350097167 1306.6612861848166 1271.1020373599167 1235.5427885350168 1199.9835397101167 1162.0814283662942 1108.498423023756 1054.9154176812178 1001.3324123386799 947.7494069961418 894.1664016536035 840.5833963110657 787.0003909685277 733.4173856259896 679.8343802834517 626.2513749409135 572.6683695983754 519.0853642558375 465.5023589132992 411.91935357076136 358.3363482282231 304.7533428856852 251.170337543147 197.58733220060913 144.00432685807087 90.42132151553295 36.83831617299474 0 0 0 0 0 0 0 0 0 0 0 0 0 0 0 0 0 0 0 0 0 0 0 0 0 0 0 0 0 0 0 0 18.305994481654714 54.795124421593314 91.28425436152499 127.77338430146234 164.26251424139986 200.75164418133605 237.2407741212724 273.72990406120834 310.2190340011458 346.70816394108203 383.19729388101854 419.6864238209554 456.1755537608925 421.00311553202437 371.84332574904386 322.68353596606335 273.5237461830826 224.36395640010224 175.20416661712147 126.0443768341414 76.88458705116054 27.724797268179042 0 0 0 0 0 0 0 0 0 0 0 0 0 0 0 0 0 21.017665618266054 42.949142785152205 64.88061995203833
 1377.5916396609398 1342.03239083604 1306.47314201114 1263.4178065256772 1209.8348011831392 1156.251795840601 1102.6687904980631 1049.0857851555252 995.5027798129871 941.9197744704488 888.3367691279109 834.7537637853728 781.1707584428349 727.5877531002969 674.0047477577588 620.4217424152207 566.8387370726825 513.2557317301447 459.6727263876065 406.0897210450684 352.50671570253036 298.9237103599924 245.3407050174542 191.75769967491627 138.17469433237798 84.59168898983994 31.008683647301773 0 0 0 0 0 0 0 0 0 0 0 0 0 0 0 0 0 0 0 0 0 0 0 0 0 0 0 0 0 0 0 16.463109131147874 52.95223907108443 89.44136901102432 125.93049895096013 162.4196288908968 198.90875883083459 235.39788877077083 271.88701871070725 308.37614865064324 344.8652785905802 381.3544085305167 417.8435384704537 454.33266841039 489.6116436971607 440.45185391417994 391.29206413119937 342.13227434821897 292.97248456523823 243.8126947822577 194.65290499927704 145.4931152162966 96.33332543331605 47.173535650334635 0 0 0 0 0 0 0 0 0 0 0 0 0 0 0 20.103854069646065 42.035331236531846 63.966808403417964 85.89828557030418 107.82976273719032
 1412.962744312163 1364.7541846850606 1311.1711793425227 1257.5881739999843 1204.0051686574466 1150.4221633149082 1096.8391579723702 1043.2561526298323 989.6731472872941 936.0901419447563 882.5071366022182 828.92413125968 775.3411259171421 721.758120574604 668.175115232066 614.5921098895279 561.0091045469898 507.4260992044518 453.8430938619137 400.26008851937564 346.6770831768376 293.0940778342996 239.51107249176147 185.92806714922352 132.3450618066853 78.76205646414721 25.179051121609046 0 0 0 0 0 0 0 0 0 0 0 0 0 0 0 0 0 0 0 0 0 0 0 0 0 0 0 0 0 0 14.620223780646388 51.1093537205825 87.59848366052157 124.08761360045986 160.57674354039477 197.06587348033148 233.5550034202694 270.0441333602054 306.53326330014187 343.0223932400784 379.5115231800151 416.00065311995183 452.4897830598884 488.9789129998252 509.0603820793163 459.9005922963356 410.74080251335505 361.5810127303746 312.4212229473939 263.26143316441335 214.1016433814328 164.94185359845218 115.78206381547164 66.62227403249037 17.462484249509906 0 0 0 0 0 0 0 0 0 0 0 0 19.190042521023845 41.1215196879104 63.05299685479749 84.98447402168384 106.91595118856998 128.84742835545615 150.7789055223423
 1412.507557501906 1358.9245521593677 1305.3415468168298 1251.7585414742914 1198.1755361317537 1144.5925307892157 1091.0095254466776 1037.4265201041396 983.8435147616016 930.2605094190634 876.6775040765253 823.0944987339873 769.5114933914492 715.9284880489113 662.3454827063733 608.7624773638352 555.179472021297 501.5964666787591 448.01346133622087 394.4304559936829 340.8474506511448 287.26444530860687 233.68143996606872 180.0984346235307 126.51542928099254 72.93242393845459 19.34941859591644 0 0 0 0 0 0 0 0 0 0 0 0 0 0 0 0 0 0 0 0 0 0 0 0 0 0 0 0 0 12.777338430141452 49.26646837008251 85.7555983100174 122.24472824995516 158.73385818989289 195.22298812982845 231.71211806976592 268.2012480097032 304.69037794963964 341.17950788957677 377.6686378295127 414.1577677694496 450.64689770938634 487.13602764932284 523.6251575892596 528.5091204614718 479.3493306784913 430.18954089551056 381.02975111253005 331.8699613295494 282.7101715465689 233.55038176358832 184.39059198060778 135.23080219762718 86.0710124146459 36.91122263166528 0 0 0 0 0 0 0 0 0 0 18.276230972402583 40.20770813929081 62.139185306176905 84.07066247306317 106.00213963994976 127.93361680683574 149.865093973722 171.79657114060814 193.72804830749428
 1407.082442502926 1353.365065309431 1299.6711122434015 1246.0036115517482 1192.3661350440977 1138.7629252833972 1085.1798929209847 1031.5968875784467 978.0138822359085 924.4308768933706 870.8478715508326 817.2648662082944 763.6818608657564 710.0988555232184 656.5158501806803 602.9328448381423 549.3498394956042 495.76683415306616 442.1838288105281 388.6008234679901 335.0178181254519 281.4348127829139 227.85180744037584 174.26880209783783 120.68579675529969 67.10279141276172 13.51978607022353 0 0 0 0 0 0 0 0 0 0 0 0 0 0 0 0 0 0 0 0 0 0 0 0 0 0 0 0 10.934453079644316 47.423583019584704 83.9127129595177 120.40184289945475 156.8909728393912 193.38010277932813 229.8692327192641 266.358362659201 302.84749259913843 339.33662253907465 375.8257524790117 412.3148824189485 448.8040123588852 485.2931422988216 521.7822722387584 558.2714021786949 547.9578588436277 498.7980690606472 449.63827927766647 400.4784894946861 351.3186997117054 302.15890992872477 252.99912014574417 203.83933036276366 154.67954057978307 105.5197507968018 56.35996101382123 7.200171230841049 0 0 0 0 0 0 0 17.362419423786264 39.293896590671665 61.22537375755722 83.15685092444387 105.08832809132976 127.01980525821574 148.95128242510222 170.88275959198853 192.81423675887459 214.74571392576078 236.6771910926469
 1403.1521656613013 1349.27832562448 1295.414991421668 1241.5635303922227 1187.7255575258116 1133.9029940872367 1080.098143688804 1026.3137921707962 972.5533404394845 918.8209836524196 865.1219567205538 811.4628765384156 757.8522283400636 704.2692229975255 650.6862176549876 597.1032123124495 543.5202069699113 489.9372016273734 436.35419628483527 382.77119094229727 329.18818559975915 275.6051802572212 222.02217491468303 168.43916957214506 114.85616422960689 61.273158887068966 7.690153544530783 0 0 0 0 0 0 0 0 0 0 0 0 0 0 0 0 0 0 0 0 0 0 0 0 0 0 0 9.091567729144092 45.58069766908 82.06982760901752 118.55895754895518 155.0480874888901 191.5372174288261 228.02634736876266 264.51547730869953 301.00460724863564 337.493737188573 373.9828671285096 410.4719970684466 446.96112700838347 483.4502569483198 519.9393868882564 556.4285168281934 592.91764676813 567.4065972257832 518.2468074428026 469.087017659822 419.9272278768414 370.76743809386096 321.6076483108803 272.44785852789977 223.28806874491926 174.12827896193866 124.96848917895737 75.80869939597686 26.648909612996256 0 0 0 0 0 16.448607875156817 38.38008504204862 60.3115622089368 82.2430393758234 104.17451654270924 126.10599370959528 148.0374708764818 169.96894804336776 191.90042521025435 213.83190237714044 235.7633795440266 257.69485671091275 279.6263338777989
 1400.7887064079293 1346.8203295168958 1292.8545935255056 1238.8918435440598 1184.932487528298 1130.9770112606182 1077.0259978292074 1023.0801532626854 969.1403407143879 915.2076267164736 861.2833447826562 807.3691844503354 753.4673184684257 699.58058863865 645.712784448318 591.8690733599789 538.0566884632138 484.2860724819578 430.57287420365896 376.94155841660455 323.3585530740663 269.7755477315284 216.1925423889903 162.6095370464523 109.02653170391412 55.44352636137617 1.860521018838231 0 0 0 0 0 0 0 0 0 0 0 0 0 0 0 0 0 0 0 0 0 0 0 0 0 0 7.248682378618823 43.73781231857726 80.22694225851332 116.71607219845409 153.20520213838782 189.69433207832458 226.18346201826105 262.6725919581973 299.1617218981339 335.6508518380712 372.13998177800823 408.6291117179445 445.1182416578814 481.60737159781837 518.0965015377548 554.5856314776913 591.0747614176279 627.5638913575646 586.8553356079389 537.6955458249583 488.5357560419777 439.37596625899715 390.21617647601664 341.05638669303596 291.89659691005534 242.7368071270748 193.57701734409423 144.41722756111298 95.25743777813243 46.09764799515187 0 0 0 15.534796326537078 37.466273493427536 59.39775066031591 81.3292278272017 103.26070499408897 125.19218216097494 147.12365932786105 169.05513649474744 190.98661366163364 212.9180908285198 234.84956799540626 256.78104516229246 278.7125223291785 300.6439994960647 322.57547666295085
 1400 1346 1292 1238 1184 1130 1076 1022.0000000000001 968 914 860 805.9999999999999 752 698 644 590 536 482 427.99999999999994 374 319.99999999999994 266 211.99999999999991 158 103.99999999999991 50 0 0 0 0 0 0 0 0 0 0 0 0 0 0 0 0 0 0 0 0 0 0 0 0 0 0 5.405797028069181 41.89492696807676 78.38405690801204 114.87318684794889 151.36231678788428 187.85144672782133 224.3405766677586 260.82970660769547 297.318836547633 333.80796648756933 370.29709642750475 406.7862263674431 443.27535630737964 479.7644862473158 516.2536161872528 552.7427461271894 589.2318760671259 625.7210060070627 655.4638637730756 606.3040739900944 557.1442842071139 507.9844944241333 458.8247046411527 409.66491485817215 360.5051250751916 311.345335292211 262.18554550923045 213.02575572624983 163.86596594326858 114.70617616028802 65.54638637730744 16.38659659432686 14.620984777919151 36.55246194480711 58.48393911169482 80.41541627858162 102.34689344546773 124.2783706123541 146.20984777924085 168.14132494612676 190.07280211301344 212.00427927989944 233.9357564467856 255.86723361367177 277.79871078055817 299.73018794744434 321.66166511433056 343.5931422812167 365.52461944810284
