 400 242 83.99999999998671 0 0 0 0 0 0 0 0 0 0 0 0 0 0 0 0 0 0 0 0 0 0 0 0 0 0 0 0 0 0 0 0 0 0 0 0 0 0 0 0 0 0 0 0 24.665765749313845 174.55772684129488 324.44968793327587 474.3416490252569 624.2336101172378 774.125571209219 924.0175323012 823.457102707847 673.5651416158641 523.6731805238836 373.78121943190047 223.88925833991945 73.99729724794612 0 0 0 0 0 0 0 0 0 0 0 0 0 0 0 0 0 0 0 0 0 0 0 0 0 0 0 0 0 0 0 0 0 0 0 0 0 0 84.00000000000034 241.99999999999875 400
 400.0000000000057 242.00000000000253 83.99999999998671 0 0 0 0 0 0 0 0 0 0 0 0 0 0 0 0 0 0 0 0 0 0 0 0 0 0 0 0 0 0 0 0 0 0 0 0 0 0 0 0 0 0 0 0 0 127.12356193876919 277.0155230307502 426.90748412273126 576.7994452147123 726.6914063066931 876.5833673986741 776.0229378053214 626.1309767133397 476.2390156213597 326.3470545293741 176.45509343739326 26.563132345393065 0 0 0 0 0 0 0 0 0 0 0 0 0 0 0 0 0 0 0 0 0 0 0 0 0 0 0 0 0 0 0 0 0 0 0 0 0 0 84.00000000000037 241.99999999999875 399.99999999999994
 400.0000000000057 242.00000000000253 83.99999999998671 0 0 0 0 0 0 0 0 0 0 0 0 0 0 0 0 0 0 0 0 0 0 0 0 0 0 0 0 0 0 0 0 0 0 0 0 0 0 0 0 0 0 0 0 0 79.68939703624372 229.58135812822454 379.4733192202055 529.3652803121865 679.2572414041675 829.1492024961487 728.5887729027953 578.6968118108117 428.80485071883294 278.91288962684627 129.02092853486405 0 0 0 0 0 0 0 0 0 0 0 0 0 0 0 0 0 0 0 0 0 0 0 0 0 0 0 0 0 0 0 0 0 0 0 0 0 0 0 84.00000000000024 241.99999999999875 400
 400 242.00000000000253 83.99999999995964 0 0 0 0 0 0 0 0 0 0 0 0 0 0 0 0 0 0 0 0 0 0 0 0 0 0 0 0 0 0 0 0 0 0 0 0 0 0 0 0 0 0 0 0 0 32.255232133718216 182.14719322569894 332.0391543176798 481.931115409661 631.8230765016419 781.7150375936229 681.1546080002697 531.2626469082871 381.3706858163063 231.47872472432343 81.58676363234048 0 0 0 0 0 0 0 0 0 0 0 0 0 0 0 0 0 0 0 0 0 0 0 0 0 0 0 0 0 0 0 0 0 0 0 0 0 0 0 84.00000000000024 241.99999999999883 400
 400 242.00000000001188 83.99999999998671 0 0 0 0 0 0 0 0 0 0 0 0 0 0 0 0 0 0 0 0 0 0 0 0 0 0 0 0 0 0 0 0 0 0 0 0 0 0 0 0 0 0 0 0 0 0 134.71302832317323 284.604989415154 434.49695050713535 584.3889115991163 734.2808726910973 633.720443097746 483.82848200576314 333.93652091378357 184.04455982179712 34.152598729846105 0 0 0 0 0 0 0 0 0 0 0 0 0 0 0 0 0 0 0 0 0 0 0 0 0 0 0 0 0 0 0 0 0 0 0 0 0 0 0 84.00000000000024 241.9999999999987 399.9999999999999
 400.0000000000057 242.00000000000253 83.99999999998671 0 0 0 0 0 0 0 0 0 0 0 0 0 0 0 0 0 0 0 0 0 0 0 0 0 0 0 0 0 0 0 0 0 0 0 0 0 0 0 0 0 0 0 0 0 0 87.278863420647 237.17082451262814 387.06278560460936 536.9547466965906 686.8467077885717 586.2862781952198 436.3943171032375 286.5023560112606 136.61039491927625 0 0 0 0 0 0 0 0 0 0 0 0 0 0 0 0 0 0 0 0 0 0 0 0 0 0 0 0 0 0 0 0 0 0 0 0 0 0 0 0 84.00000000000024 241.99999999999852 400
 400 242.00000000000253 83.99999999998671 0 0 0 0 0 0 0 0 0 0 0 0 0 0 0 0 0 0 0 0 0 0 0 0 0 0 0 0 0 0 0 0 0 0 0 0 0 0 0 0 0 0 0 0 0 0 39.844698518119905 189.7366596101041 339.6286207020838 489.5205817940649 639.412542886046 538.8521132926938 388.9601522007109 239.06819110873374 89.17623001675027 0 0 0 0 0 0 0 0 0 0 0 0 0 0 0 0 0 0 0 0 0 0 0 0 0 0 0 0 0 0 0 0 0 0 0 0 0 0 0 0 84.00000000000108 241.9999999999987 399.99999999999983
 399.99999999999716 241.9999999999978 84.00000000000024 0 0 0 0 0 0 0 0 0 0 0 0 0 0 0 0 0 0 0 0 0 0 0 0 0 0 0 0 0 0 0 0 0 0 0 0 0 0 0 0 0 0 0 0 0 0 0 142.30249470757929 292.1944557995581 442.08641689153933 591.9783779835205 491.4179483901672 341.5259872981856 191.63402620620596 41.74206511422231 0 0 0 0 0 0 0 0 0 0 0 0 0 0 0 0 0 0 0 0 0 0 0 0 0 0 0 0 0 0 0 0 0 0 0 0 0 0 0 0 83.9999999999994 241.99999999999898 399.99999999999983
 400 241.9999999999978 83.99999999998671 0 0 0 0 0 0 0 0 0 0 0 0 0 0 0 0 0 0 0 0 0 0 0 0 0 0 0 0 0 0 0 0 0 0 0 0 0 0 0 0 0 0 0 0 0 0 0 94.86832980505318 244.76029089703303 394.65225198901373 544.544213080995 443.9837834876428 294.09182239566024 144.19986130368233 0 0 0 0 0 0 0 0 0 0 0 0 0 0 0 0 0 0 0 0 0 0 0 0 0 0 0 0 0 0 0 0 0 0 0 0 0 0 0 0 0 84.00000000000024 241.99999999999898 400.00000000000034
 399.99999999999716 241.9999999999978 83.99999999998671 0 0 0 0 0 0 0 0 0 0 0 0 0 0 0 0 0 0 0 0 0 0 0 0 0 0 0 0 0 0 0 0 0 0 0 0 0 0 0 0 0 0 0 0 0 0 0 47.43416490252509 197.32612599450582 347.2180870864872 497.11004817846856 396.549618585115 246.65765749313135 96.76569640115427 0 0 0 0 0 0 0 0 0 0 0 0 0 0 0 0 0 0 0 0 0 0 0 0 0 0 0 0 0 0 0 0 0 0 0 0 0 0 0 0 0 84.00000000000193 241.9999999999996 400
 400 241.99999999999312 84.00000000001377 0 0 0 0 0 0 0 0 0 0 0 0 0 0 0 0 0 0 0 0 0 0 0 0 0 0 0 0 0 0 0 0 0 0 0 0 0 0 0 0 0 0 0 0 0 0 0 0 149.8919610919791 299.78392218396294 449.67588327594365 349.11545368258925 199.22349259060633 49.33153149862051 0 0 0 0 0 0 0 0 0 0 0 0 0 0 0 0 0 0 0 0 0 0 0 0 0 0 0 0 0 0 0 0 0 0 0 0 0 0 0 0 0 84.00000000000024 241.9999999999996 400.00000000000034
 400.00000000000284 242.00000000000253 84.00000000001377 0 0 0 0 0 0 0 0 0 0 0 0 0 0 0 0 0 0 0 0 0 0 0 0 0 0 0 0 0 0 0 0 0 0 0 0 0 0 0 0 0 0 0 0 0 0 0 0 102.45779618945232 252.34975728143573 402.241718373418 301.6812887800642 151.78932768808133 1.8973665960276636 0 0 0 0 0 0 0 0 0 0 0 0 0 0 0 0 0 0 0 0 0 0 0 0 0 0 0 0 0 0 0 0 0 0 0 0 0 0 0 0 0 83.99999999999686 242.00000000000017 400.0000000000007
 400 241.99999999999312 84.00000000000024 0 0 0 0 0 0 0 0 0 0 0 0 0 0 0 0 0 0 0 0 0 0 0 0 0 0 0 0 0 0 0 0 0 0 0 0 0 0 0 0 0 0 0 0 0 0 0 0 55.02363128693296 204.9155923789102 354.8075534708938 254.24712387753866 104.35516278555646 0 0 0 0 0 0 0 0 0 0 0 0 0 0 0 0 0 0 0 0 0 0 0 0 0 0 0 0 0 0 0 0 0 0 0 0 0 0 0 0 0 0 83.99999999999686 241.99999999999898 400
 399.99999999999716 241.99999999999312 83.99999999998671 0 0 0 0 0 0 0 0 0 0 0 0 0 0 0 0 0 0 0 0 0 0 0 0 0 0 0 0 0 0 0 0 0 0 0 0 0 0 0 0 0 0 0 0 0 0 0 0 7.589466384522593 157.48142747638806 307.37338856836993 206.81295897501326 56.92099788303191 0 0 0 0 0 0 0 0 0 0 0 0 0 0 0 0 0 0 0 0 0 0 0 0 0 0 0 0 0 0 0 0 0 0 0 0 0 0 0 0 0 0 83.99999999999686 241.9999999999978 399.9999999999993
 400 241.99999999999312 84.00000000000024 0 0 0 0 0 0 0 0 0 0 0 0 0 0 0 0 0 0 0 0 0 0 0 0 0 0 0 0 0 0 0 0 0 0 0 0 0 0 0 0 0 0 0 0 0 0 0 0 0 110.04726257386592 259.9392236658432 159.37879407248676 9.486832980505318 0 0 0 0 0 0 0 0 0 0 0 0 0 0 0 0 0 0 0 0 0 0 0 0 0 0 0 0 0 0 0 0 0 0 0 0 0 0 0 0 0 0 84.00000000000361 242.00000000000017 399.9999999999993
 400.00000000000284 241.99999999999312 84.00000000001377 0 0 0 0 0 0 0 0 0 0 0 0 0 0 0 0 0 0 0 0 0 0 0 0 0 0 0 0 0 0 0 0 0 0 0 0 0 0 0 0 0 0 0 0 0 0 0 0 0 62.61309767133005 212.50505876331837 111.94462916996099 0 0 0 0 0 0 0 0 0 0 0 0 0 0 0 0 0 0 0 0 0 0 0 0 0 0 0 0 0 0 0 0 0 0 0 0 0 0 0 0 0 0 0 84.00000000000361 241.9999999999978 400
 400.0000000000014 242.00000000000253 84.00000000000024 0 0 0 0 0 0 0 0 0 0 0 0 0 0 0 0 0 0 0 0 0 0 0 0 0 0 0 0 0 0 0 0 0 0 0 0 0 0 0 0 0 0 0 0 0 0 0 0 0 15.178932768820491 165.07089386079886 64.51046426743643 0 0 0 0 0 0 0 0 0 0 0 0 0 0 0 0 0 0 0 0 0 0 0 0 0 0 0 0 0 0 0 0 0 0 0 0 0 0 0 0 0 0 0 84.00000000000024 241.99999999999545 399.9999999999986
 400.0000000000014 242.00000000000253 84.00000000000024 0 0 0 0 0 0 0 0 0 0 0 0 0 0 0 0 0 0 0 0 0 0 0 0 0 0 0 0 0 0 0 0 0 0 0 0 0 0 0 0 0 0 0 0 0 0 0 0 0 0 117.636728958267 17.07629936491057 0 0 0 0 0 0 0 0 0 0 0 0 0 0 0 0 0 0 0 0 0 0 0 0 0 0 0 0 0 0 0 0 0 0 0 0 0 0 0 0 0 0 0 84.00000000000024 241.9999999999978 400
 400.0000000000014 242.00000000000017 84.00000000000024 0 0 0 0 0 0 0 0 0 0 0 0 0 0 0 0 0 0 0 0 0 0 0 0 0 0 0 0 0 0 0 0 0 0 0 0 0 0 0 0 0 0 0 0 0 0 0 0 0 0 70.2025640557381 0 0 0 0 0 0 0 0 0 0 0 0 0 0 0 0 0 0 0 0 0 0 0 0 0 0 0 0 0 0 0 0 0 0 0 0 0 0 0 0 0 0 0 0 83.99999999999346 241.9999999999978 400.0000000000014
 399.9999999999986 242.00000000000253 84.00000000000024 0 0 0 0 0 0 0 0 0 0 0 0 0 0 0 0 0 0 0 0 0 0 0 0 0 0 0 0 0 0 0 0 0 0 0 0 0 0 0 0 0 0 0 0 0 0 0 0 0 0 22.768399153255704 0 0 0 0 0 0 0 0 0 0 0 0 0 0 0 0 0 0 0 0 0 0 0 0 0 0 0 0 0 0 0 0 0 0 0 0 0 0 0 0 0 0 0 0 84.00000000000024 241.99999999999545 400.0000000000014
 400.0000000000014 242.00000000000017 84.00000000000024 0 0 0 0 0 0 0 0 0 0 0 0 0 0 0 0 0 0 0 0 0 0 0 0 0 0 0 0 0 0 0 0 0 0 0 0 0 0 0 0 0 0 0 0 0 0 0 0 0 0 0 0 0 0 0 0 0 0 0 0 0 0 0 0 0 0 0 0 0 0 0 0 0 0 0 0 0 0 0 0 0 0 0 0 0 0 0 0 0 0 0 0 0 0 0 84.000000000007 242.00000000000017 400.0000000000014
 400 242.00000000000017 84.00000000000024 0 0 0 0 0 0 0 0 0 0 0 0 0 0 0 0 0 0 0 0 0 0 0 0 0 0 0 0 0 0 0 0 0 0 0 0 0 0 0 0 0 0 0 0 0 0 0 0 0 0 0 0 0 0 0 0 0 0 0 0 0 0 0 0 0 0 0 0 0 0 0 0 0 0 0 0 0 0 0 0 0 0 0 0 0 0 0 0 0 0 0 0 0 0 0 84.000000000007 241.99999999999545 400
 400.0000000000007 242.00000000000017 83.99999999999686 0 0 0 0 0 0 0 0 0 0 0 0 0 0 0 0 0 0 0 0 0 0 0 0 0 0 0 0 0 0 0 0 0 0 0 0 0 0 0 0 0 0 0 0 0 0 0 0 0 0 0 0 0 0 0 0 0 0 0 0 0 0 0 0 0 0 0 0 0 0 0 0 0 0 0 0 0 0 0 0 0 0 0 0 0 0 0 0 0 0 0 0 0 0 0 84.00000000000024 241.9999999999978 400
 399.9999999999993 241.99999999999898 84.00000000000024 0 0 0 0 0 0 0 0 0 0 0 0 0 0 0 0 0 0 0 0 0 0 0 0 0 0 0 0 0 0 0 0 0 0 0 0 0 0 0 0 0 0 0 0 0 0 0 0 0 0 0 0 0 0 0 0 0 0 0 0 0 0 0 0 0 0 0 0 0 0 0 0 0 0 0 0 0 0 0 0 0 0 0 0 0 0 0 0 0 0 0 0 0 0 0 83.99999999998671 241.9999999999978 400
 400 242.00000000000134 84.00000000000024 0 0 0 0 0 0 0 0 0 0 0 0 0 0 0 0 0 0 0 0 0 0 0 0 0 0 0 0 0 0 0 0 0 0 0 0 0 0 0 0 0 0 0 0 0 0 0 0 0 0 0 0 0 0 0 0 0 0 0 0 0 0 0 0 0 0 0 0 0 0 0 0 0 0 0 0 0 0 0 0 0 0 0 0 0 0 0 0 0 0 0 0 0 0 0 84.00000000001377 241.99999999999312 400.00000000000284
 399.9999999999993 241.99999999999898 83.99999999999686 0 0 0 0 0 0 0 0 0 0 0 0 0 0 0 0 0 0 0 0 0 0 0 0 0 0 0 0 0 0 0 0 0 0 0 0 0 0 0 0 0 0 0 0 0 0 0 0 0 0 0 0 0 0 0 0 0 0 0 0 0 0 0 0 0 0 0 0 0 0 0 0 0 0 0 0 0 0 0 0 0 0 0 0 0 0 0 0 0 0 0 0 0 0 0 84.00000000001377 242.00000000000253 399.99999999999716
 400 242.00000000000017 84.00000000000024 0 0 0 0 0 0 0 0 0 0 0 0 0 0 0 0 0 0 0 0 0 0 0 0 0 0 0 0 0 0 0 0 0 0 0 0 0 0 0 0 0 0 0 0 0 0 0 0 0 0 0 0 0 0 0 0 0 0 0 0 0 0 0 0 0 0 0 0 0 0 0 0 0 0 0 0 0 0 0 0 0 0 0 0 0 0 0 0 0 0 0 0 0 0 0 84.00000000000024 242.00000000000253 400
 400 242.00000000000074 84.00000000000024 0 0 0 0 0 0 0 0 0 0 0 0 0 0 0 0 0 0 0 0 0 0 0 0 0 0 0 0 0 0 0 0 0 0 0 0 0 0 0 0 0 0 0 0 0 0 0 0 0 0 0 0 0 0 0 0 0 0 0 0 0 0 0 0 0 0 0 0 0 0 0 0 0 0 0 0 0 0 0 0 0 0 0 0 0 0 0 0 0 0 0 0 0 0 0 84.00000000000024 241.9999999999978 400
 400.00000000000034 241.9999999999996 84.00000000000024 0 0 0 0 0 0 0 0 0 0 0 0 0 0 0 0 0 0 0 0 0 0 0 0 0 0 0 0 0 0 0 0 0 0 0 0 0 0 0 0 0 0 0 0 0 0 0 0 0 0 0 0 0 0 0 0 0 0 0 0 0 0 0 0 0 0 0 0 0 0 0 0 0 0 0 0 0 0 0 0 0 0 0 0 0 0 0 0 0 0 0 0 0 0 0 84.00000000001377 241.99999999999312 400.00000000000284
 400.00000000000034 242.00000000000017 84.00000000000024 0 0 0 0 0 0 0 0 0 0 0 0 0 0 0 0 0 0 0 0 0 0 0 0 0 0 0 0 0 0 0 0 0 0 0 0 0 0 0 0 0 0 0 0 0 0 0 0 0 0 0 0 0 0 0 0 0 0 0 0 0 0 0 0 0 0 0 0 0 0 0 0 0 0 0 0 0 0 0 0 0 0 0 0 0 0 0 0 0 0 0 0 0 0 0 84.00000000001377 241.9999999999978 400
 399.99999999999983 241.99999999999986 84.00000000000108 0 0 0 0 0 0 0 0 0 0 0 0 0 0 0 0 0 0 0 0 0 0 0 0 0 0 0 0 0 0 0 0 0 0 0 0 0 0 0 0 0 0 0 0 0 0 0 0 0 0 0 0 0 0 0 0 0 0 0 0 0 0 0 0 0 0 0 0 0 0 0 0 0 0 0 0 0 0 0 0 0 0 0 0 0 0 0 0 0 0 0 0 0 0 0 84.00000000001377 242.00000000000253 400.00000000000284
 400 241.9999999999996 84.00000000000024 0 0 0 0 0 0 0 0 0 0 0 0 0 0 0 0 0 0 0 0 0 0 0 0 0 0 0 0 0 0 0 0 0 0 0 0 0 0 0 0 0 0 0 0 0 0 0 0 0 0 0 0 0 0 0 0 0 0 0 0 0 0 0 0 0 0 0 0 0 0 0 0 0 0 0 0 0 0 0 0 0 0 0 0 0 0 0 0 0 0 0 0 0 0 0 84.00000000001377 242.00000000000253 399.9999999999943
 399.99999999999983 242.00000000000017 83.99999999999982 0 0 0 0 0 0 0 0 0 0 0 0 0 0 0 0 0 0 0 0 0 0 0 0 0 0 0 0 0 0 0 0 0 0 0 0 0 0 0 0 0 0 0 0 0 0 0 0 0 0 0 0 0 0 0 0 0 0 0 0 0 0 0 0 0 0 0 0 0 0 0 0 0 0 0 0 0 0 0 0 0 0 0 0 0 0 0 0 0 0 0 0 0 0 0 84.00000000001377 241.99999999999312 400
 400.0000000000001 241.99999999999986 84.00000000000024 0 0 0 0 0 0 0 0 0 0 0 0 0 0 0 0 0 0 0 0 0 0 0 0 0 0 0 0 0 0 0 0 0 0 0 0 0 0 0 0 0 0 0 0 0 0 0 0 0 0 0 0 0 0 0 0 0 0 0 0 0 0 0 0 0 0 0 0 0 0 0 0 0 0 0 0 0 0 0 0 0 0 0 0 0 0 0 0 0 0 0 0 0 0 0 83.99999999998671 242.00000000000253 399.9999999999943
 400.0000000000001 241.99999999999994 84.00000000000024 0 0 0 0 0 0 0 0 0 0 0 0 0 0 0 0 0 0 0 0 0 0 0 0 0 0 0 0 0 0 0 0 0 0 0 0 0 0 0 0 0 0 0 0 0 0 0 0 0 0 0 0 0 0 0 0 0 0 0 0 0 0 0 0 0 0 0 0 0 0 0 0 0 0 0 0 0 0 0 0 0 0 0 0 0 0 0 0 0 0 0 0 0 0 0 83.99999999998671 242.00000000001188 400
 399.99999999999994 242.00000000000003 83.99999999999991 0 0 0 0 0 0 0 0 0 0 0 0 0 0 0 0 0 0 0 0 0 0 0 0 0 0 0 0 0 0 0 0 0 0 0 0 0 0 0 0 0 0 0 0 0 0 0 0 0 0 0 0 0 0 0 0 0 0 0 0 0 0 0 0 0 0 0 0 0 0 0 0 0 0 0 0 0 0 0 0 0 0 0 0 0 0 0 0 0 0 0 0 0 0 0 84.00000000004084 242.00000000001188 400
 400 242 84 0 0 0 0 0 0 0 0 0 0 0 0 0 0 0 0 0 0 0 0 0 0 0 0 0 0 0 0 0 0 0 0 0 0 0 0 0 0 0 0 0 0 0 0 0 0 0 0 0 0 0 0 0 0 0 0 0 0 0 0 0 0 0 0 0 0 0 0 0 0 0 0 0 0 0 0 0 0 0 0 0 0 0 0 0 0 0 0 0 0 0 0 0 0 0 83.99999999998671 242.00000000001188 400
 403.11288741492746 247.1113109511582 97.75479527879949 30.559488754598284 0 0 0 0 0 0 0 0 0 0 0 0 0 0 0 0 0 0 0 0 0 0 0 0 0 0 0 0 0 0 0 0 0 0 0 0 0 0 0 0 0 0 0 0 0 0 0 0 0 0 0 0 0 0 0 0 0 0 0 0 0 0 0 0 0 0 0 0 0 0 0 0 0 0 0 0 0 0 0 0 0 0 0 0 0 0 0 0 0 0 0 0 0 16.807223406044073 97.75479527879979 247.11131095115698 403.11288741492746
 447.21359549995793 313.94904045083496 216.92394980729998 176.08086377637463 137.76023502064118 99.4396062648856 61.11897750917797 22.798348753410917 0 0 0 0 0 0 0 0 0 0 0 0 0 0 0 0 0 0 0 0 0 0 0 0 0 0 0 0 0 0 0 0 0 0 0 0 0 0 0 0 0 0 0 0 0 0 0 0 0 0 0 0 0 0 0 0 0 0 0 0 0 0 0 0 0 0 0 0 0 0 0 0 0 0 0 0 0 0 0 0 0 0 0 0 0 0 0 30.200479557736916 92.43972873324508 154.6789779087528 216.9182270842618 313.949040450834 447.21359549995793
 531.5072906367325 425.51615715504863 359.92286755392354 321.6022387981795 283.28161004244083 244.96098128670093 206.6403525309645 168.31972377520015 129.99909501947937 91.67846626373904 53.357837508011606 15.037208752319897 0 0 0 0 0 0 0 0 0 0 0 0 0 0 0 0 0 0 0 0 0 0 0 0 0 0 0 0 0 0 0 0 0 0 0 0 0 0 0 0 0 0 0 0 0 0 0 0 0 0 0 0 0 0 0 0 0 0 0 0 0 0 0 0 0 0 0 0 0 0 0 0 0 0 0 0 0 0 0 0 0 43.5937357094286 105.83298488493736 168.07223406044477 230.31148323595372 292.55073241146147 354.7899815869705 425.5161571550479 531.5072906367325
 640.3124237432849 555.4853733447893 505.44424257571643 467.123613819974 428.8029850642328 390.4823563084903 352.16172755274926 313.84109879701026 275.52047004127405 237.19984128553256 198.87921252979692 160.55858377405715 122.23795501830479 83.91732626256312 45.596697506828065 7.2760687510866795 0 0 0 0 0 0 0 0 0 0 0 0 0 0 0 0 0 0 0 0 0 0 0 0 0 0 0 0 0 0 0 0 0 0 0 0 0 0 0 0 0 0 0 0 0 0 0 0 0 0 0 0 0 0 0 0 0 0 0 0 0 0 0 0 0 0 0 0 0 0 0 0 0 0 0 56.98699186112785 119.22624103662962 181.46549021213752 243.70473938764565 305.9439885631535 368.1832377386624 430.42248691417024 492.6617360896791 555.4853733447887 640.3124237432849
 763.2168761236874 693.5877738253465 650.9656175975194 612.6449888417767 574.3243600860367 536.0037313302983 497.6831025745543 459.3624738188164 421.0418450630711 382.7212163073325 344.4005875515963 306.07995879585224 267.75933004010966 229.43870128436933 191.11807252862812 152.79744377289097 114.47681501715203 76.15618626140109 37.83555750567688 0 0 0 0 0 0 0 0 0 0 0 0 0 0 0 0 0 0 0 0 0 0 0 0 0 0 0 0 0 0 0 0 0 0 0 0 0 0 0 0 0 0 0 0 0 0 0 0 0 0 0 0 0 0 0 0 0 0 0 0 0 0 0 0 0 0 0 0 0 8.14099883733319 70.3802480128124 132.61949718832113 194.85874636382965 257.09799553933806 319.3372447148456 381.57649389035436 443.8157430658622 506.05499224137105 568.294241416879 630.5334905923878 692.7727397678957 763.2168761236874
 894.4271909999159 835.8014118198174 796.4869926193186 758.1663638635798 719.8457351078359 681.5251063520993 643.2044775963572 604.8838488406121 566.5632200848747 528.2425913291357 489.9219625733937 451.6013338176543 413.28070506191114 374.96007630617225 336.63944755043065 298.31881879469205 259.9981900389511 221.6775612832079 183.35693252746879 145.03630377172527 106.71567501598724 68.39504626024832 30.074417504505124 0 0 0 0 0 0 0 0 0 0 0 0 0 0 0 0 0 0 0 0 0 0 0 0 0 0 0 0 0 0 0 0 0 0 0 0 0 0 0 0 0 0 0 0 0 0 0 0 0 0 0 0 0 0 0 0 0 0 0 0 0 0 0 21.534254989021974 83.77350416450588 146.01275334001357 208.252002515521 270.4912516910289 332.73050086653694 394.9697500420463 457.2089992175539 519.4482483930628 581.6874975685707 643.9267467440795 706.1659959195877 768.4052450950966 830.6444942706044 894.4271909999159
 1030.7764064044152 980.3387169749035 942.0083676411167 903.6877388853744 865.3671101296342 827.0464813738947 788.7258526181517 750.405223862414 712.0845951066727 673.7639663509342 635.4433375951942 597.1227088394525 558.8020800837108 520.4814513279703 482.16082257222934 443.84019381649045 405.51956506075015 367.198936305007 328.8783075492679 290.5576787935265 252.23705003778653 213.91642128204583 175.59579252630564 137.27516377056483 98.95453501482415 60.633906259083794 22.313277503342295 0 0 0 0 0 0 0 0 0 0 0 0 0 0 0 0 0 0 0 0 0 0 0 0 0 0 0 0 0 0 0 0 0 0 0 0 0 0 0 0 0 0 0 0 0 0 0 0 0 0 0 0 0 0 0 0 0 34.92751114072073 97.16676031620165 159.40600949170312 221.64525866721166 283.8845078427187 346.12375701823066 408.36300619373736 470.60225536924634 532.8415045447549 595.0807537202628 657.3200028957716 719.5592520712794 781.7985012467883 844.0377504222962 906.2769995978051 968.516248773313 1030.7554979488223
 984.8857801796104 931.9678106029199 893.5012426338508 855.1806138781101 816.8599851223695 778.539356366629 740.218727610888 701.8980988551473 663.5774700994073 625.2568413436662 586.9362125879258 548.6155838321856 510.2949550764447 471.9743263207042 433.65369756496335 395.3330688092234 357.0124400534799 318.6918112977422 280.37118254200163 242.05055378626378 203.7299250305219 165.40929627477658 127.0886675190426 88.76803876332819 50.447410007599224 12.126781251811133 0 0 0 0 0 0 0 0 0 0 0 0 0 0 0 0 0 0 0 0 0 0 0 0 0 0 0 0 0 0 0 0 0 0 0 0 0 0 0 0 0 0 0 0 0 0 0 0 0 0 0 0 0 0 0 0 48.32076729239177 110.5600164678783 172.79926564340113 235.03851481890604 297.27776399441194 359.5170131699222 421.75626234543023 483.9955115209387 546.2347606964458 608.4740098719548 670.7132590474637 732.9525082229716 795.1917573984801 835.8002153625001 858.1447896479975 880.4893639334886 902.8339382189823 931.9678106029196 984.8857801796104
 850 788.0761384536395 747.9798676120507 709.6592388563104 671.3386101005697 633.0179813448291 594.6973525890885 556.3767238333479 518.0560950776076 479.7354663218665 441.4148375661265 403.09420881038574 364.773580054644 326.4529512989036 288.13232254316364 249.811693787422 211.4910650316804 173.17043627594387 134.84980752019985 96.52917876445409 58.208550008703206 19.887921252974834 0 0 0 0 0 0 0 0 0 0 0 0 0 0 0 0 0 0 0 0 0 0 0 0 0 0 0 0 0 0 0 0 0 0 0 0 0 0 0 0 0 0 0 0 0 0 0 0 0 0 0 0 0 0 0 0 0 0 61.71402344408536 123.9532726195902 186.19252179508595 248.43177097059547 310.6710201461087 372.910269321613 435.149518497122 497.38876767263014 530.8957713148596 553.2403456003547 575.5849198858491 597.9294941713439 620.2740684568391 642.6186427423337 664.9632170278296 687.3077913133258 709.6523655988228 731.9969398843156 754.3415141698117 788.076138453639 850
 721.1102550927978 646.9652231766404 602.458492590251 564.1378638345105 525.8172350787698 487.49660632302925 449.17597756728844 410.8553488115482 372.53472005580727 334.21409130006634 295.89346254432564 257.5728337885854 219.25220503284368 180.9315762771052 142.61094752136455 104.29031876562753 65.96969000987893 27.64906125418366 0 0 0 0 0 0 0 0 0 0 0 0 0 0 0 0 0 0 0 0 0 0 0 0 0 0 0 0 0 0 0 0 0 0 0 0 0 0 0 0 0 0 0 0 0 0 0 0 0 0 0 0 0 0 0 0 0 0 0 12.868030420355964 75.10727959575162 137.34652877127115 199.58577794678445 225.99132726722027 248.33590155271588 270.6804758382106 293.02505012370517 315.36962440920047 337.71419869469645 360.0587729801913 382.4033472656853 404.74792155117996 427.0924958366738 449.43707012217146 471.7816444076656 494.12621869316047 516.4707929786534 538.8153672641512 561.1599415496452 583.5045158351405 605.8490901206343 646.9652231766398 721.1102550927978
 602.0797289396148 510.94422396187235 456.93711756845136 418.61648881271066 380.2958600569701 341.97523130122937 303.65460254548873 265.33397378974837 227.01334503400807 188.69271627826691 150.3720875225261 112.05145876678668 73.73083001104592 35.410201255303605 0 0 0 0 0 0 0 0 0 0 0 0 0 0 0 0 0 0 0 0 0 0 0 0 0 0 0 0 0 0 0 0 0 0 0 0 0 0 0 0 0 0 0 0 0 0 0 0 0 0 0 0 0 0 0 0 0 0 0 0 0 0 0 0 10.465180361560726 32.809754647057595 55.15432893255215 77.49890321804614 99.84347750354104 122.1880517890372 144.5326260745301 166.87720036002577 189.2217746455232 211.5663489310171 233.91092321650854 256.25549750200815 278.6000717874996 300.9446460729933 323.28922035848785 345.6337946439864 367.9783689294805 390.32294321497665 412.6675175004719 435.0120917859638 457.7728694450994 510.94422396187184 602.0797289396148
 500 385.4400083022 311.53811965793204 273.0951137909109 234.7744850351703 196.4538562794298 158.13322752368882 119.81259876794823 81.49197001220841 43.171341256468175 4.850712500724454 0 0 0 0 0 0 0 0 0 0 0 0 0 0 0 0 0 0 0 0 0 0 0 0 0 0 0 0 0 0 0 0 0 0 0 0 0 0 0 0 0 0 0 0 0 0 0 0 0 0 0 0 0 0 0 0 0 0 0 0 0 0 0 0 0 0 0 0 0 0 0 0 0 0 18.384776310861664 40.72935059635853 63.073924881848576 85.41849916733383 107.7630734528331 130.10764773832605 152.4522220238229 174.7967963093141 197.141370594813 219.48594488030437 241.8305191658044 264.1750934513065 286.5196677367984 311.53811965793216 385.4400083021992 500
 427.20018726587654 284.7174037532655 171.9185853827328 127.57373876911113 89.25311001337052 50.93248125762978 12.611852501888537 0 0 0 0 0 0 0 0 0 0 0 0 0 0 0 0 0 0 0 0 0 0 0 0 0 0 0 0 0 0 0 0 0 0 0 0 0 0 0 0 0 0 0 0 0 0 0 0 0 0 0 0 0 0 0 0 0 0 0 0 0 0 0 0 0 0 0 0 0 0 0 0 0 0 0 0 0 0 0 0 0 0 0 0 3.9597979749573 26.30437226016948 48.6489465456577 70.9935208311453 93.33809511664492 115.68266940213977 138.0272436876239 171.918585382733 284.7174037532644 427.20018726587654
 399.99999999998863 241.99999999999312 83.99999999999999 0 0 0 0 0 0 0 0 0 0 0 0 0 0 0 0 0 0 0 0 0 0 0 0 0 0 0 0 0 0 0 0 0 0 0 0 0 0 0 0 0 0 0 0 0 0 0 0 0 0 0 0 0 0 0 0 0 0 0 0 0 0 0 0 0 0 0 0 0 0 0 0 0 0 0 0 0 0 0 0 0 0 0 0 0 0 0 0 0 0 0 0 0 0 0 84.00000000000034 241.99999999999875 400
 400 241.99999999999312 84.00000000006791 0 0 0 0 0 0 0 0 0 0 0 0 0 0 0 0 0 0 0 0 0 0 0 0 0 0 0 0 0 0 0 0 0 0 0 0 0 0 0 0 0 0 0 0 0 0 0 0 0 0 0 0 0 0 0 0 0 0 0 0 0 0 0 0 0 0 0 0 0 0 0 0 0 0 0 0 0 0 0 0 0 0 0 0 0 0 0 0 0 0 0 0 0 0 0 84.00000000000037 241.99999999999875 399.99999999999994
 400 242.00000000001188 83.99999999995964 0 0 0 0 0 0 0 0 0 0 0 0 0 0 0 0 0 0 0 0 0 0 0 0 0 0 0 0 0 0 0 0 0 0 0 0 0 0 0 0 0 0 0 0 0 0 0 0 0 0 0 0 0 0 0 0 0 0 0 0 0 0 0 0 0 0 0 0 0 0 0 0 0 0 0 0 0 0 0 0 0 0 0 0 0 0 0 0 0 0 0 0 0 0 0 84.00000000000024 241.99999999999875 400
 400.00000000001137 241.99999999999312 83.99999999995964 0 0 0 0 0 0 0 0 0 0 0 0 0 0 0 0 0 0 0 0 0 0 0 0 0 0 0 0 0 0 0 0 0 0 0 0 0 0 0 0 0 0 0 0 0 0 0 0 0 0 0 0 0 0 0 0 0 0 0 0 0 0 0 0 0 0 0 0 0 0 0 0 0 0 0 0 0 0 0 0 0 0 0 0 0 0 0 0 0 0 0 0 0 0 0 84.00000000000024 241.99999999999883 400
 400 241.99999999999312 83.99999999995964 0 0 0 0 0 0 0 0 0 0 0 0 0 0 0 0 0 0 0 0 0 0 0 0 0 0 0 0 0 0 0 0 0 0 0 0 0 0 0 0 0 0 0 0 0 0 0 0 0 0 0 0 0 0 0 0 0 0 0 0 0 0 0 0 0 0 0 0 0 0 0 0 0 0 0 0 0 0 0 0 0 0 0 0 0 0 0 0 0 0 0 0 0 0 0 84.00000000000024 241.9999999999987 399.9999999999999
 400 242.00000000001188 84.00000000006791 0 0 0 0 0 0 0 0 0 0 0 0 0 0 0 0 0 0 0 0 0 0 0 0 0 0 0 0 0 0 0 0 0 0 0 0 0 0 0 0 0 0 0 0 0 0 0 0 0 0 0 0 0 0 0 0 0 0 0 0 0 0 0 0 0 0 0 0 0 0 0 0 0 0 0 0 0 0 0 0 0 0 0 0 0 0 0 0 0 0 0 0 0 0 0 84.00000000000024 241.99999999999852 400
 400.00000000001137 241.99999999999312 84.00000000001377 0 0 0 0 0 0 0 0 0 0 0 0 0 0 0 0 0 0 0 0 0 0 0 0 0 0 0 0 0 0 0 0 0 0 0 0 0 0 0 0 0 0 0 0 0 0 0 0 0 0 0 0 0 0 0 0 0 0 0 0 0 0 0 0 0 0 0 0 0 0 0 0 0 0 0 0 0 0 0 0 0 0 0 0 0 0 0 0 0 0 0 0 0 0 0 84.00000000000108 241.9999999999987 399.99999999999983
 400 242.00000000001188 84.00000000006791 0 0 0 0 0 0 0 0 0 0 0 0 0 0 0 0 0 0 0 0 0 0 0 0 0 0 0 0 0 0 0 0 0 0 0 0 0 0 0 0 0 0 0 0 0 0 0 0 0 0 0 0 0 0 0 0 0 0 0 0 0 0 0 0 0 0 0 0 0 0 0 0 0 0 0 0 0 0 0 0 0 0 0 0 0 0 0 0 0 0 0 0 0 0 0 83.9999999999994 241.99999999999898 399.99999999999983
 400 242.00000000000253 84.00000000001377 0 0 0 0 0 0 0 0 0 0 0 0 0 0 0 0 0 0 0 0 0 0 0 0 0 0 0 0 0 0 0 0 0 0 0 0 0 0 0 0 0 0 0 0 0 0 0 0 0 0 0 0 0 0 0 0 0 0 0 0 0 0 0 0 0 0 0 0 0 0 0 0 0 0 0 0 0 0 0 0 0 0 0 0 0 0 0 0 0 0 0 0 0 0 0 84.00000000000024 241.99999999999898 400.00000000000034
 400.0000000000057 242.00000000001188 83.99999999995964 0 0 0 0 0 0 0 0 0 0 0 0 0 0 0 0 0 0 0 0 0 0 0 0 0 0 0 0 0 0 0 0 0 0 0 0 0 0 0 0 0 0 0 0 0 0 0 0 0 0 0 0 0 0 0 0 0 0 0 0 0 0 0 0 0 0 0 0 0 0 0 0 0 0 0 0 0 0 0 0 0 0 0 0 0 0 0 0 0 0 0 0 0 0 0 84.00000000000193 241.9999999999996 400
 400 242.00000000000253 83.99999999998671 0 0 0 0 0 0 0 0 0 0 0 0 0 0 0 0 0 0 0 0 0 0 0 0 0 0 0 0 0 0 0 0 0 0 0 0 0 0 0 0 0 0 0 0 0 0 0 0 0 0 0 0 0 0 0 0 0 0 0 0 0 0 0 0 0 0 0 0 0 0 0 0 0 0 0 0 0 0 0 0 0 0 0 0 0 0 0 0 0 0 0 0 0 0 0 84.00000000000024 241.9999999999996 400.00000000000034
 400 241.99999999999312 83.99999999998671 0 0 0 0 0 0 0 0 0 0 0 0 0 0 0 0 0 0 0 0 0 0 0 0 0 0 0 0 0 0 0 0 0 0 0 0 0 0 0 0 0 0 0 0 0 0 0 0 0 0 0 0 0 0 0 0 0 0 0 0 0 0 0 0 0 0 0 0 0 0 0 0 0 0 0 0 0 0 0 0 0 0 0 0 0 0 0 0 0 0 0 0 0 0 0 83.99999999999686 242.00000000000017 400.0000000000007
 400.0000000000057 242.00000000000253 83.99999999995964 0 0 0 0 0 0 0 0 0 0 0 0 0 0 0 0 0 0 0 0 0 0 0 0 0 0 0 0 0 0 0 0 0 0 0 0 0 0 0 0 0 0 0 0 0 0 0 0 0 0 0 0 0 0 0 0 0 0 0 0 0 0 0 0 0 0 0 0 0 0 0 0 0 0 0 0 0 0 0 0 0 0 0 0 0 0 0 0 0 0 0 0 0 0 0 83.99999999999686 241.99999999999898 400
 400 242.00000000000253 83.99999999995964 0 0 0 0 0 0 0 0 0 0 0 0 0 0 0 0 0 0 0 0 0 0 0 0 0 0 0 0 0 0 0 0 0 0 0 0 0 0 0 0 0 0 0 0 0 0 0 0 0 0 0 0 0 0 0 0 0 0 0 0 0 0 0 0 0 0 0 0 0 0 0 0 0 0 0 0 0 0 0 0 0 0 0 0 0 0 0 0 0 0 0 0 0 0 0 83.99999999999686 241.9999999999978 399.9999999999993
 400 242.00000000001188 83.99999999998671 0 0 0 0 0 0 0 0 0 0 0 0 0 0 0 0 0 0 0 0 0 0 0 0 0 0 0 0 0 0 0 0 0 0 0 0 0 0 0 0 0 0 0 0 0 0 0 0 0 0 0 0 0 0 0 0 0 0 0 0 0 0 0 0 0 0 0 0 0 0 0 0 0 0 0 0 0 0 0 0 0 0 0 0 0 0 0 0 0 0 0 0 0 0 0 84.00000000000361 242.00000000000017 399.9999999999993
 400 242.00000000001188 83.99999999998671 0 0 0 0 0 0 0 0 0 0 0 0 0 0 0 0 0 0 0 0 0 0 0 0 0 0 0 0 0 0 0 0 0 0 0 0 0 0 0 0 0 0 0 0 0 0 0 0 0 0 0 0 0 0 0 0 0 0 0 0 0 0 0 0 0 0 0 0 0 0 0 0 0 0 0 0 0 0 0 0 0 0 0 0 0 0 0 0 0 0 0 0 0 0 0 84.00000000000361 241.9999999999978 400
 400 242.00000000001188 83.99999999998671 0 0 0 0 0 0 0 0 0 0 0 0 0 0 0 0 0 0 0 0 0 0 0 0 0 0 0 0 0 0 0 0 0 0 0 0 0 0 0 0 0 0 0 0 0 0 0 0 0 0 0 0 0 0 0 0 0 0 0 0 0 0 0 0 0 0 0 0 0 0 0 0 0 0 0 0 0 0 0 0 0 0 0 0 0 0 0 0 0 0 0 0 0 0 0 84.00000000000024 241.99999999999545 399.9999999999986
 399.9999999999943 242.00000000000253 83.99999999998671 0 0 0 0 0 0 0 0 0 0 0 0 0 0 0 0 0 0 0 0 0 0 0 0 0 0 0 0 0 0 0 0 0 0 0 0 0 0 0 0 0 0 0 0 0 0 0 0 0 0 0 0 0 0 0 0 0 0 0 0 0 0 0 0 0 0 0 0 0 0 0 0 0 0 0 0 0 0 0 0 0 0 0 0 0 0 0 0 0 0 0 0 0 0 0 84.00000000000024 241.9999999999978 400
 400 241.99999999999312 84.00000000001377 0 0 0 0 0 0 0 0 0 0 0 0 0 0 0 0 0 0 0 0 0 0 0 0 0 0 0 0 0 0 0 0 0 0 0 0 0 0 0 0 0 0 0 0 0 0 0 0 0 0 0 0 0 0 0 0 0 0 0 0 0 0 0 0 0 0 0 0 0 0 0 0 0 0 0 0 0 0 0 0 0 0 0 0 0 0 0 0 0 0 0 0 0 0 0 83.99999999999346 241.9999999999978 400.0000000000014
 399.9999999999943 242.00000000000253 83.99999999998671 0 0 0 0 0 0 0 0 0 0 0 0 0 0 0 0 0 0 0 0 0 0 0 0 0 0 0 0 0 0 0 0 0 0 0 0 0 0 0 0 0 0 0 0 0 0 0 0 0 0 0 0 0 0 0 0 0 0 0 0 0 0 0 0 0 0 0 0 0 0 0 0 0 0 0 0 0 0 0 0 0 0 0 0 0 0 0 0 0 0 0 0 0 0 0 84.00000000000024 241.99999999999545 400.0000000000014
 400.00000000000284 242.00000000000253 84.00000000001377 0 0 0 0 0 0 0 0 0 0 0 0 0 0 0 0 0 0 0 0 0 0 0 0 0 0 0 0 0 0 0 0 0 0 0 0 0 0 0 0 0 0 0 0 0 0 0 0 0 0 0 0 0 0 0 0 0 0 0 0 0 0 0 0 0 0 0 0 0 0 0 0 0 0 0 0 0 0 0 0 0 0 0 0 0 0 0 0 0 0 0 0 0 0 0 84.000000000007 242.00000000000017 400.0000000000014
 400 241.9999999999978 84.00000000001377 0 0 0 0 0 0 0 0 0 0 0 0 0 0 0 0 0 0 0 0 0 0 0 0 0 0 0 0 0 0 0 0 0 0 0 0 0 0 0 0 0 0 0 0 0 0 0 0 0 0 0 0 0 0 0 0 0 0 0 0 0 0 0 0 0 0 0 0 0 0 0 0 0 0 0 0 0 0 0 0 0 0 0 0 0 0 0 0 0 0 0 0 0 0 0 84.000000000007 241.99999999999545 400
 400.00000000000284 241.99999999999312 84.00000000001377 0 0 0 0 0 0 0 0 0 0 0 0 0 0 0 0 0 0 0 0 0 0 0 0 0 0 0 0 0 0 0 0 0 0 0 0 0 0 0 0 0 0 0 0 0 0 0 0 0 0 0 0 0 0 0 0 0 0 0 0 0 0 0 0 0 0 0 0 0 0 0 0 0 0 0 0 0 0 0 0 0 0 0 0 0 0 0 0 0 0 0 0 0 0 0 84.00000000000024 241.9999999999978 400
 400 241.9999999999978 84.00000000000024 0 0 0 0 0 0 0 0 0 0 0 0 0 0 0 0 0 0 0 0 0 0 0 0 0 0 0 0 0 0 0 0 0 0 0 0 0 0 0 0 0 0 0 0 0 0 0 0 0 0 0 0 0 0 0 0 0 0 0 0 0 0 0 0 0 0 0 0 0 0 0 0 0 0 0 0 0 0 0 0 0 0 0 0 0 0 0 0 0 0 0 0 0 0 0 83.99999999998671 241.9999999999978 400
 400 242.00000000000253 84.00000000000024 0 0 0 0 0 0 0 0 0 0 0 0 0 0 0 0 0 0 0 0 0 0 0 0 0 0 0 0 0 0 0 0 0 0 0 0 0 0 0 0 0 0 0 0 0 0 0 0 0 0 0 0 0 0 0 0 0 0 0 0 0 0 0 0 0 0 0 0 0 0 0 0 0 0 0 0 0 0 0 0 0 0 0 0 0 0 0 0 0 0 0 0 0 0 0 84.00000000001377 241.99999999999312 400.00000000000284
 399.99999999999716 242.00000000000253 84.00000000001377 0 0 0 0 0 0 0 0 0 0 0 0 0 0 0 0 0 0 0 0 0 0 0 0 0 0 0 0 0 0 0 0 0 0 0 0 0 0 0 0 0 0 0 0 0 0 0 0 0 0 0 0 0 0 0 0 0 0 0 0 0 0 0 0 0 0 0 0 0 0 0 0 0 0 0 0 0 0 0 0 0 0 0 0 0 0 0 0 0 0 0 0 0 0 0 84.00000000001377 242.00000000000253 399.99999999999716
 400.00000000000284 241.99999999999312 84.00000000001377 0 0 0 0 0 0 0 0 0 0 0 0 0 0 0 0 0 0 0 0 0 0 0 0 0 0 0 0 0 0 0 0 0 0 0 0 0 0 0 0 0 0 0 0 0 0 0 0 0 0 0 0 0 0 0 0 0 0 0 0 0 0 0 0 0 0 0 0 0 0 0 0 0 0 0 0 0 0 0 0 0 0 0 0 0 0 0 0 0 0 0 0 0 0 0 84.00000000000024 242.00000000000253 400
 400 241.9999999999978 83.99999999998671 0 0 0 0 0 0 0 0 0 0 0 0 0 0 0 0 0 0 0 0 0 0 0 0 0 0 0 0 0 0 0 0 0 0 0 0 0 0 0 0 0 0 0 0 0 0 0 0 0 0 0 0 0 0 0 0 0 0 0 0 0 0 0 0 0 0 0 0 0 0 0 0 0 0 0 0 0 0 0 0 0 0 0 0 0 0 0 0 0 0 0 0 0 0 0 84.00000000000024 241.9999999999978 400
 400 241.9999999999978 84.00000000000024 0 0 0 0 0 0 0 0 0 0 0 0 0 0 0 0 0 0 0 0 0 0 0 0 0 0 0 0 0 0 0 0 0 0 0 0 0 0 0 0 0 0 0 0 0 0 0 0 0 0 0 0 0 0 0 0 0 0 0 0 0 0 0 0 0 0 0 0 0 0 0 0 0 0 0 0 0 0 0 0 0 0 0 0 0 0 0 0 0 0 0 0 0 0 0 84.00000000001377 241.99999999999312 400.00000000000284
 400 242.00000000000017 84.000000000007 0 0 0 0 0 0 0 0 0 0 0 0 0 0 0 0 0 0 0 0 0 0 0 0 0 0 0 0 0 0 0 0 0 0 0 0 0 0 0 0 0 0 0 0 0 0 0 0 0 0 0 0 0 0 0 0 0 0 0 0 0 0 0 0 0 0 0 0 0 0 0 0 0 0 0 0 0 0 0 0 0 0 0 0 0 0 0 0 0 0 0 0 0 0 0 84.00000000001377 241.9999999999978 400
 400.0000000000014 242.00000000000017 84.000000000007 0 0 0 0 0 0 0 0 0 0 0 0 0 0 0 0 0 0 0 0 0 0 0 0 0 0 0 0 0 0 0 0 0 0 0 0 0 0 0 0 0 0 0 0 0 0 0 0 0 0 0 0 0 0 0 0 0 0 0 0 0 0 0 0 0 0 0 0 0 0 0 0 0 0 0 0 0 0 0 0 0 0 0 0 0 0 0 0 0 0 0 0 0 0 0 84.00000000001377 242.00000000000253 400.00000000000284
 400.0000000000014 242.00000000000017 84.00000000000024 0 0 0 0 0 0 0 0 0 0 0 0 0 0 0 0 0 0 0 0 0 0 0 0 0 0 0 0 0 0 0 0 0 0 0 0 0 0 0 0 0 0 0 0 0 0 0 47.434164902525744 0 0 0 0 0 0 0 0 0 0 0 0 0 0 0 0 0 0 0 0 0 0 0 0 0 0 0 0 0 0 0 0 0 0 0 0 0 0 0 0 0 0 0 0 0 0 0 84.00000000001377 242.00000000000253 399.9999999999943
 400.0000000000014 242.00000000000017 83.99999999999346 0 0 0 0 0 0 0 0 0 0 0 0 0 0 0 0 0 0 0 0 0 0 0 0 0 0 0 0 0 0 0 0 0 0 0 0 0 0 0 0 0 0 0 0 0 0 0 94.86832980505018 0 0 0 0 0 0 0 0 0 0 0 0 0 0 0 0 0 0 0 0 0 0 0 0 0 0 0 0 0 0 0 0 0 0 0 0 0 0 0 0 0 0 0 0 0 0 0 84.00000000001377 241.99999999999312 400
 400 242.00000000000017 84.00000000000024 0 0 0 0 0 0 0 0 0 0 0 0 0 0 0 0 0 0 0 0 0 0 0 0 0 0 0 0 0 0 0 0 0 0 0 0 0 0 0 0 0 0 0 0 0 0 0 142.30249470757627 0 0 0 0 0 0 0 0 0 0 0 0 0 0 0 0 0 0 0 0 0 0 0 0 0 0 0 0 0 0 0 0 0 0 0 0 0 0 0 0 0 0 0 0 0 0 0 83.99999999998671 242.00000000000253 399.9999999999943
 399.9999999999986 242.00000000000017 84.00000000000024 0 0 0 0 0 0 0 0 0 0 0 0 0 0 0 0 0 0 0 0 0 0 0 0 0 0 0 0 0 0 0 0 0 0 0 0 0 0 0 0 0 0 0 0 0 0 39.8446985181208 189.73665961010298 39.84469851813952 0 0 0 0 0 0 0 0 0 0 0 0 0 0 0 0 0 0 0 0 0 0 0 0 0 0 0 0 0 0 0 0 0 0 0 0 0 0 0 0 0 0 0 0 0 0 83.99999999998671 242.00000000001188 400
 400 242.00000000000017 84.00000000000361 0 0 0 0 0 0 0 0 0 0 0 0 0 0 0 0 0 0 0 0 0 0 0 0 0 0 0 0 0 0 0 0 0 0 0 0 0 0 0 0 0 0 0 0 0 0 87.27886342064781 237.17082451262846 87.2788634206527 0 0 0 0 0 0 0 0 0 0 0 0 0 0 0 0 0 0 0 0 0 0 0 0 0 0 0 0 0 0 0 0 0 0 0 0 0 0 0 0 0 0 0 0 0 0 84.00000000004084 242.00000000001188 400
 399.9999999999993 242.00000000000017 84.00000000000361 0 0 0 0 0 0 0 0 0 0 0 0 0 0 0 0 0 0 0 0 0 0 0 0 0 0 0 0 0 0 0 0 0 0 0 0 0 0 0 0 0 0 0 0 0 0 134.71302832317323 284.60498941515453 134.71302832317426 0 0 0 0 0 0 0 0 0 0 0 0 0 0 0 0 0 0 0 0 0 0 0 0 0 0 0 0 0 0 0 0 0 0 0 0 0 0 0 0 0 0 0 0 0 0 83.99999999998671 242.00000000001188 400
 399.9999999999993 242.00000000000017 83.99999999999686 0 0 0 0 0 0 0 0 0 0 0 0 0 0 0 0 0 0 0 0 0 0 0 0 0 0 0 0 0 0 0 0 0 0 0 0 0 0 0 0 0 0 0 0 0 32.25523213371931 182.14719322569923 332.03915431768013 182.1471932257008 32.255232133725926 0 0 0 0 0 0 0 0 0 0 0 0 0 0 0 0 0 0 0 0 0 0 0 0 0 0 0 0 0 0 0 0 0 0 0 0 0 0 0 0 0 0 0 0 0 84.00000000001377 242.00000000000253 400
 400 241.99999999999898 83.99999999999686 0 0 0 0 0 0 0 0 0 0 0 0 0 0 0 0 0 0 0 0 0 0 0 0 0 0 0 0 0 0 0 0 0 0 0 0 0 0 0 0 0 0 0 0 0 79.6893970362416 229.58135812822485 379.47331922020595 229.58135812822547 79.68939703623981 0 0 0 0 0 0 0 0 0 0 0 0 0 0 0 0 0 0 0 0 0 0 0 0 0 0 0 0 0 0 0 0 0 0 0 0 0 0 0 0 0 0 0 0 0 84.00000000001377 242.00000000000253 400.0000000000057
 400.0000000000007 242.00000000000017 83.99999999999686 0 0 0 0 0 0 0 0 0 0 0 0 0 0 0 0 0 0 0 0 0 0 0 0 0 0 0 0 0 0 0 0 0 0 0 0 0 0 0 0 0 0 0 0 0 127.12356193877102 277.01552303074976 426.90748412273115 277.0155230307493 127.12356193877102 0 0 0 0 0 0 0 0 0 0 0 0 0 0 0 0 0 0 0 0 0 0 0 0 0 0 0 0 0 0 0 0 0 0 0 0 0 0 0 0 0 0 0 0 0 83.99999999998671 241.99999999999312 400
 400.00000000000034 242.00000000000074 84.00000000000024 0 0 0 0 0 0 0 0 0 0 0 0 0 0 0 0 0 0 0 0 0 0 0 0 0 0 0 0 0 0 0 0 0 0 0 0 0 0 0 0 0 0 0 0 24.665765749316016 174.55772684129562 324.4496879332761 474.3416490252563 324.44968793327695 174.557726841294 24.665765749316016 0 0 0 0 0 0 0 0 0 0 0 0 0 0 0 0 0 0 0 0 0 0 0 0 0 0 0 0 0 0 0 0 0 0 0 0 0 0 0 0 0 0 0 0 84.00000000001377 242.00000000000253 400
 400 242.00000000000074 84.00000000000193 0 0 0 0 0 0 0 0 0 0 0 0 0 0 0 0 0 0 0 0 0 0 0 0 0 0 0 0 0 0 0 0 0 0 0 0 0 0 0 0 0 0 0 0 72.09993065183427 221.991891743823 371.88385283580175 521.7758139277818 371.88385283580175 221.9918917438211 72.09993065184018 0 0 0 0 0 0 0 0 0 0 0 0 0 0 0 0 0 0 0 0 0 0 0 0 0 0 0 0 0 0 0 0 0 0 0 0 0 0 0 0 0 0 0 0 84.00000000001377 242.00000000001188 400.0000000000057
 400.00000000000034 242.00000000000017 84.00000000000024 0 0 0 0 0 0 0 0 0 0 0 0 0 0 0 0 0 0 0 0 0 0 0 0 0 0 0 0 0 0 0 0 0 0 0 0 0 0 0 0 0 0 0 0 119.53409555436865 269.42605664634647 419.3180177383286 569.209978830308 419.31801773832717 269.42605664634647 119.53409555436745 0 0 0 0 0 0 0 0 0 0 0 0 0 0 0 0 0 0 0 0 0 0 0 0 0 0 0 0 0 0 0 0 0 0 0 0 0 0 0 0 0 0 0 0 84.00000000001377 242.00000000000253 400
 399.99999999999983 241.99999999999986 83.9999999999994 0 0 0 0 0 0 0 0 0 0 0 0 0 0 0 0 0 0 0 0 0 0 0 0 0 0 0 0 0 0 0 0 0 0 0 0 0 0 0 0 0 0 0 17.076299364939697 166.96826045689605 316.860221548873 466.7521826408544 616.6441437328341 466.75218264085316 316.8602215488726 166.96826045689178 17.07629936490641 0 0 0 0 0 0 0 0 0 0 0 0 0 0 0 0 0 0 0 0 0 0 0 0 0 0 0 0 0 0 0 0 0 0 0 0 0 0 0 0 0 0 0 84.00000000006791 242.00000000001188 400
 399.99999999999983 242.00000000000017 84.00000000000108 0 0 0 0 0 0 0 0 0 0 0 0 0 0 0 0 0 0 0 0 0 0 0 0 0 0 0 0 0 0 0 0 0 0 0 0 0 0 0 0 0 0 0 64.51046426743862 214.4024253594211 364.29438645139845 514.1863475433796 664.0783086353596 514.1863475433788 364.2943864513979 214.4024253594178 64.51046426743643 0 0 0 0 0 0 0 0 0 0 0 0 0 0 0 0 0 0 0 0 0 0 0 0 0 0 0 0 0 0 0 0 0 0 0 0 0 0 0 0 0 0 0 84.00000000001377 241.99999999999312 400.00000000001137
 400 242 83.9999999999994 0 0 0 0 0 0 0 0 0 0 0 0 0 0 0 0 0 0 0 0 0 0 0 0 0 0 0 0 0 0 0 0 0 0 0 0 0 0 0 0 0 0 0 111.94462916996987 261.83659026194294 411.7285513539239 561.6205124459058 711.5124735378854 561.6205124459044 411.72855135392314 261.8365902619418 111.94462916996099 0 0 0 0 0 0 0 0 0 0 0 0 0 0 0 0 0 0 0 0 0 0 0 0 0 0 0 0 0 0 0 0 0 0 0 0 0 0 0 0 0 0 0 84.00000000006791 242.00000000001188 400
 399.9999999999999 242 83.9999999999994 0 0 0 0 0 0 0 0 0 0 0 0 0 0 0 0 0 0 0 0 0 0 0 0 0 0 0 0 0 0 0 0 0 0 0 0 0 0 0 0 0 0 9.486832980512808 159.3787940724832 309.27075516447127 459.1627162564497 609.0546773484323 758.946638440411 609.05467734843 459.1627162564491 309.27075516446814 159.37879407248744 9.486832980501573 0 0 0 0 0 0 0 0 0 0 0 0 0 0 0 0 0 0 0 0 0 0 0 0 0 0 0 0 0 0 0 0 0 0 0 0 0 0 0 0 0 0 83.99999999995964 241.99999999999312 400
 400 241.99999999999994 84.00000000000024 0 0 0 0 0 0 0 0 0 0 0 0 0 0 0 0 0 0 0 0 0 0 0 0 0 0 0 0 0 0 0 0 0 0 0 0 0 0 0 0 0 0 56.92099788301692 206.81295897500877 356.7049200669931 506.5968811589732 656.4888422509555 806.3808033429366 656.4888422509558 506.59688115897484 356.7049200669935 206.8129589750128 56.920997883030346 0 0 0 0 0 0 0 0 0 0 0 0 0 0 0 0 0 0 0 0 0 0 0 0 0 0 0 0 0 0 0 0 0 0 0 0 0 0 0 0 0 0 83.99999999995964 241.99999999999312 400.00000000001137
 400 242 83.99999999999991 0 0 0 0 0 0 0 0 0 0 0 0 0 0 0 0 0 0 0 0 0 0 0 0 0 0 0 0 0 0 0 0 0 0 0 0 0 0 0 0 0 0 104.35516278554829 254.24712387754204 404.1390849695179 554.0310460614995 703.923007153481 853.8149682454623 703.9230071534814 554.0310460615004 404.13908496951933 254.24712387753837 104.35516278555585 0 0 0 0 0 0 0 0 0 0 0 0 0 0 0 0 0 0 0 0 0 0 0 0 0 0 0 0 0 0 0 0 0 0 0 0 0 0 0 0 0 0 83.99999999995964 242.00000000001188 400
 399.99999999999994 242 83.99999999999996 0 0 0 0 0 0 0 0 0 0 0 0 0 0 0 0 0 0 0 0 0 0 0 0 0 0 0 0 0 0 0 0 0 0 0 0 0 0 0 0 0 1.8973665955033792 151.7893276880776 301.6812887800642 451.57324987204584 601.4652109640253 751.3571720560084 901.2491331479881 751.357172056007 601.4652109640261 451.57324987204504 301.6812887800641 151.78932768808167 1.8973665961025614 0 0 0 0 0 0 0 0 0 0 0 0 0 0 0 0 0 0 0 0 0 0 0 0 0 0 0 0 0 0 0 0 0 0 0 0 0 0 0 0 0 84.00000000006791 241.99999999999312 400
 400 242 83.99999999999999 0 0 0 0 0 0 0 0 0 0 0 0 0 0 0 0 0 0 0 0 0 0 0 0 0 0 0 0 0 0 0 0 0 0 0 0 0 0 0 0 0 49.33153149863203 199.22349259060633 349.11545368259124 499.00741477457046 648.8993758665522 798.7913369585336 948.6832980505138 798.7913369585327 648.8993758665517 499.0074147745707 349.11545368258976 199.22349259060738 49.33153149862634 0 0 0 0 0 0 0 0 0 0 0 0 0 0 0 0 0 0 0 0 0 0 0 0 0 0 0 0 0 0 0 0 0 0 0 0 0 0 0 0 0 84.00000000000034 241.99999999999312 399.99999999998863
