 705.8823529411765 681.4117647058823 656.9411764705882 632.470588235294 607.9999999999999 583.529411764706 559.0588235294117 534.5882352941177 510.11764705882365 485.64705882352933 461.17647058823553 436.705882352941 412.23529411764713 387.76470588235304 363.2941176470588 338.8235294117649 314.35294117647106 289.8823529411768 265.4117647058822 240.94117647058778 216.4705882352943 191.9999999999998 167.52941176470478 143.0588235294149 118.58823529411772 94.11764705882274 69.64705882353628 45.17647058822819 20.705882352917808 0 0 0 0 0 0 0 0 0 0 0 0 0 0 0 0 0 0 0 0 0 0 0 0 0 0 0 0 0 0 0 0 0 0 0 0 0 0 0 0 0 0 0 0 0 0 0 0 0 0 0 0 0 0 0 0 0 0 20.730693621562573 65.64719646828077 110.56369931499958 155.48020216171776 200.39670500843658 245.31320785515538 290.22971070187356 335.1462135485924 380.0627163953106 424.97921924202933 469.89572208874756 514.8122249354664 559.7287277821846 604.6452306289034
 615 590.5294117647059 566.0588235294119 541.5882352941178 517.1176470588236 492.64705882352933 468.17647058823536 443.7058823529412 419.23529411764713 394.7647058823533 370.29411764705924 345.82352941176447 321.352941176471 296.88235294117646 272.4117647058826 247.94117647058852 223.4705882352941 199.00000000000028 174.52941176470657 150.0588235294134 125.58823529411892 101.11764705882209 76.64705882353002 52.17647058823574 27.70588235294872 3.235294117658506 0 0 0 0 0 0 0 0 0 0 0 0 0 0 0 0 0 0 0 0 0 0 0 0 0 0 0 0 0 0 0 0 0 0 0 0 0 0 0 0 0 0 0 0 0 0 0 0 0 0 0 0 0 0 0 0 0 0 0 0 0 0 13.748480839299948 58.664983686018644 103.58148653273685 148.49798937945576 193.41449222617456 238.33099507289273 283.24749791961153 328.1640007663297 373.08050361304845 417.99700645976657 462.91350930648554 507.83001215320365 552.7465149999225
 524.1176470588234 499.6470588235294 475.1764705882353 450.70588235294116 426.235294117647 401.76470588235304 377.29411764705867 352.8235294117647 328.3529411764705 303.88235294117663 279.4117647058823 254.94117647058806 230.4705882352945 206.0000000000007 181.52941176470543 157.05882352941248 132.58823529411723 108.11764705882476 83.64705882352898 59.17647058823295 34.70588235294442 10.235294117661482 0 0 0 0 0 0 0 0 0 0 0 0 0 0 0 0 0 0 0 0 0 0 0 0 0 0 0 0 0 0 0 0 0 0 0 0 0 0 0 0 0 0 0 0 0 0 0 0 0 0 0 0 0 0 0 0 0 0 0 0 0 0 0 0 0 0 0 6.7662680570383005 51.68277090375594 96.59927375047481 141.5157765971935 186.43227944391177 231.3487822906305 276.2652851373488 321.18178798406745 366.09829083078563 411.01479367750466 455.93129652422266 500.84779937094163
 433.23529411764713 408.764705882353 384.29411764705884 359.82352941176464 335.35294117647067 310.88235294117663 286.41176470588255 261.94117647058823 237.4705882352944 213.00000000000009 188.52941176470623 164.058823529412 139.5882352941177 115.11764705882457 90.64705882352878 66.17647058823817 41.70588235293968 17.235294117657478 0 0 0 0 0 0 0 0 0 0 0 0 0 0 0 0 0 0 0 0 0 0 0 0 0 0 0 0 0 0 0 0 0 0 0 0 0 0 0 0 0 0 0 0 0 0 0 0 0 0 0 0 0 0 0 0 0 0 0 0 0 0 0 0 0 0 0 0 0 0 0 0 0 44.700558121494176 89.6170609682128 134.53356381493103 179.45006666164977 224.36656950836795 269.2830723550866 314.1995752018047 359.11607804852366 404.0325808952419 448.9490837419606
 342.35294117647055 317.88235294117646 293.4117647058824 268.94117647058835 244.47058823529423 220.00000000000014 195.529411764706 171.05882352941194 146.5882352941177 122.11764705882315 97.64705882352963 73.17647058823499 48.705882352941984 24.23529411764961 0 0 0 0 0 0 0 0 0 0 0 0 0 0 0 0 0 0 0 0 0 0 0 0 0 0 0 0 0 0 0 0 0 0 0 0 0 0 0 0 0 0 0 0 0 0 0 0 0 0 0 0 0 0 0 0 0 0 0 0 0 0 0 0 0 0 0 0 0 0 0 0 0 0 0 0 0 0 37.71834533923107 82.63484818594982 127.5513510326687 172.46785387938718 217.38435672610598 262.3008595728239 307.21736241954295 352.1338652662612 397.0503681129798
 251.47058823529412 227 202.52941176470586 178.0588235294117 153.58823529411762 129.1176470588237 104.64705882352945 80.17647058823539 55.70588235294134 31.235294117647864 6.7647058823560435 0 0 0 0 0 0 0 0 0 0 0 0 0 0 0 0 0 0 0 0 0 0 0 0 0 0 0 0 0 0 0 0 0 0 0 0 0 0 0 0 0 0 0 0 0 0 0 0 0 0 0 0 0 0 0 0 0 0 0 0 0 0 0 0 0 0 0 0 0 0 0 0 0 0 0 0 0 0 0 0 0 0 30.73613255696713 75.65263540368807 120.56913825040587 165.4856410971248 210.40214394384313 255.31864679056216 300.23514963728013 345.1516524839988
 160.58823529411768 136.11764705882356 111.64705882352945 87.17647058823542 62.70588235294121 38.23529411764749 13.764705882353384 0 0 0 0 0 0 0 0 0 0 0 0 0 0 0 0 0 0 0 0 0 0 0 0 0 0 0 0 0 0 0 0 0 0 0 0 0 0 0 0 0 0 0 0 0 0 0 0 0 0 0 0 0 0 0 0 0 0 0 0 0 0 0 0 0 0 0 0 0 0 0 0 0 0 0 0 0 0 0 0 0 0 0 0 0 0 0 23.75391977470576 68.67042262142532 113.58692546814326 158.50342831486165 203.4199311615807 248.33643400829934 293.2529368550177
 69.70588235294119 45.235294117647065 20.764705882353113 0 0 0 0 0 0 0 0 0 0 0 0 0 0 0 0 0 0 0 0 0 0 0 0 0 0 0 0 0 0 0 0 0 0 0 0 0 0 0 0 0 0 0 0 0 0 0 0 0 0 0 0 0 0 0 0 0 0 0 0 0 0 0 0 0 0 0 0 0 0 0 0 0 0 0 0 0 0 0 0 0 0 0 0 0 0 0 0 0 0 0 0 16.77170699244379 61.6882098391644 106.60471268588208 151.52121553260082 196.43771837931882 241.3542212260365
 23.385388696687325 11.692694348355817 0 0 0 0 0 0 0 0 0 0 0 0 0 0 0 0 0 0 0 0 0 0 0 0 0 0 0 0 0 0 0 0 0 0 0 0 0 0 0 0 0 0 0 0 0 0 0 0 0 0 0 0 0 0 0 0 0 0 0 0 0 0 0 0 0 0 0 0 0 0 0 0 0 0 0 0 0 0 0 0 0 0 0 0 0 0 0 0 0 0 0 0 0 0 9.78949421017633 54.70599705690016 99.62249990361937 144.53900275033678 189.4555055970548
 123.747681853223 112.05498750489097 100.3622931565532 88.66959880822016 76.9769044598719 65.28421011154374 53.591515763206445 41.89882141487949 30.20612706654665 18.51343271821213 6.82073836995062 0 0 0 0 0 0 0 0 0 0 0 0 0 0 0 0 0 0 0 0 0 0 0 0 0 0 0 0 0 0 0 0 0 0 0 0 0 0 0 0 0 0 0 0 0 0 0 0 0 0 0 0 0 0 0 0 0 0 0 0 0 0 0 0 0 0 0 0 0 0 0 0 0 0 0 0 0 0 0 0 0 0 0 0 0 0 2.8072814279636193 47.72378427464157 92.6402871213575 137.5567899680768
 224.1099750097566 212.41728066142716 200.72458631309223 189.0318919647569 177.33919761641468 165.64650326808123 153.95380891974747 142.26111457141735 130.56842022308095 118.8757258747412 107.18303152641025 95.49033717807347 83.79764282973524 72.10494848140272 60.41225413305567 48.719559784730336 37.02686543639356 25.334171088074353 13.641476739755397 1.9487823915870939 0 0 0 0 0 0 0 0 0 0 0 0 0 0 0 0 0 0 0 0 0 0 0 0 0 0 0 0 0 0 0 0 0 0 0 0 0 0 0 0 0 0 0 0 0 0 0 0 0 0 0 0 0 0 0 0 0 0 0 0 0 0 0 0 0 0 0 0 0 0 0 0 0 0 0 0 0 0 0 40.74157149237409 85.65807433909337
 324.47226816630933 312.77957381797245 301.0868794696388 289.39418512130504 277.70149077296907 266.00879642463485 254.3161020762959 242.62340772796205 230.93071337962553 219.23801903128845 207.5453246829535 195.85263033461962 184.15993598628387 172.46724163795085 160.77454728960873 149.08185294127642 137.38915859293982 125.69646424460907 114.00376989627598 102.31107554793422 90.61838119960075 78.92568685126491 67.23299250292757 55.54029815459034 43.84760380626301 32.154909457921036 20.46221510958795 8.769520761218248 0 0 0 0 0 0 0 0 0 0 0 0 0 0 0 0 0 0 0 0 0 0 0 0 0 0 0 0 0 0 0 0 0 0 0 0 0 0 0 0 0 0 0 0 0 0 0 0 0 0 0 0 0 0 0 0 0 0 0 0 0 0 0 0 0 0 0 0 0 0 0 0 33.75935871011328
 424.8345613228543 413.14186697452016 401.4491726261873 389.75647827784854 378.06378392951234 366.3710895811774 354.6783952328422 342.98570088450674 331.2930065361719 319.6003121878341 307.9076178394996 296.21492349116573 284.5222291428297 272.82953479449435 261.1368404461575 249.44414609782254 237.75145174948955 226.0587574011527 214.36606305281916 202.67336870448122 190.98067435614547 179.28798000780995 167.5952856594739 155.90259131113896 144.20989696280444 132.51720261446835 120.82450826613251 109.13181391779707 97.4391195694636 85.74642522112627 74.05373087279 62.361036524456495 50.668342176117854 38.97564782778588 27.28295347944829 15.590259131112983 3.897564782791349 0 0 0 0 0 0 0 0 0 0 0 0 0 0 0 0 0 0 0 0 0 0 0 0 0 0 0 0 0 0 0 0 0 0 0 0 0 0 0 0 0 0 0 0 0 0 0 0 0 0 0 0 0 0 0 0 0 0 0 0 0 0 0 0
 525.1968544794001 513.5041601310645 501.8114657827297 490.1187714343949 478.4260770860573 466.7333827377233 455.0406883893872 443.3479940410521 431.6552996927168 419.96260534437863 408.26991099604425 396.577216647709 384.88452229937496 373.19182795104007 361.4991336027025 349.80643925436704 338.113744906033 326.42105055769696 314.7283562093624 303.0356618610277 291.3429675126907 279.6502731643568 267.9575788160206 256.26488446768445 244.57219011935027 232.87949577101398 221.18680142267914 209.4941070743432 197.8014127260078 186.1087183776731 174.41602402933674 162.7233296810023 151.03063533266646 139.3379409843319 127.6452466359963 115.95255228765981 104.25985793932465 92.56716359098965 80.87446924265411 69.18177489431773 57.489080545983064 45.79638619764678 34.10369184931349 22.41099750097753 10.71830315264182 0 0 0 0 0 0 0 0 0 0 0 0 0 0 0 0 0 0 0 0 0 0 0 0 0 0 0 0 0 0 0 0 0 0 0 0 0 0 0 0 0 0 0 0 0 0 0 0 0 0 0 0 0 0 0 0
 625.5591476359458 613.8664532876099 602.1737589392739 590.4810645909405 578.7883702426024 567.0956758942667 555.4029815459326 543.7102871975987 532.0175928492628 520.3248985009271 508.6322041525918 496.9395098042563 485.2468154559206 473.55412110758647 461.86142675924924 450.1687324109142 438.4760380625802 426.7833437142441 415.09064936590914 403.3979550175725 391.7052606692374 380.0125663209013 368.31987197256655 356.6271776242308 344.9344832758959 333.2417889275599 321.5490945792245 309.8564002308889 296.2914927038068 280.9990285642522 265.70656442470215 250.41410028515284 235.12163614560075 219.8291720060479 204.5367078665011 189.2442437269453 173.95177958739936 158.65931544784462 143.36685130829215 128.07438716874054 112.78192302919014 97.48945888963861 82.1969947500957 66.90453061053331 51.61206647098923 36.31960233145524 21.0271381918723 5.734674052443496 0 0 0 0 0 0 0 0 0 0 0 0 0 0 0 0 0 0 0 0 0 0 0 0 0 0 0 0 0 0 0 0 0 0 0 0 0 0 0 0 0 0 0 0 0 0 0 0 0 0 0 0 0
 626.0352507128774 610.7427865733263 595.450322433775 580.1578582942237 564.8653941546726 549.5729300151214 534.2804658755701 518.988001736019 503.6955375964679 488.40307345691656 473.1106093173656 457.81814517781424 442.5256810382632 427.2332168987118 411.9407527591605 396.64828861960956 381.3558244800583 366.06336034050685 350.7708962009558 335.478432061405 320.1859679218542 304.8935037823026 289.6010396427505 274.30857550320036 259.01611136364875 243.72364722409654 228.43118308454606 213.13871894499576 197.84625480544562 182.5537906658957 167.261326526346 151.96886238679392 136.67639824724066 121.38393410769275 106.09146996814454 90.79900582858959 75.50654168904639 60.21407754948612 44.92161340994832 29.629149270410228 14.33668513089067 0 0 0 0 0 0 0 0 0 0 0 0 0 0 0 0 0 0 0 0 0 0 0 0 0 0 0 0 0 0 0 0 0 0 0 0 0 0 0 0 0 0 0 0 0 0 0 0 0 0 0 0 0 0 0 0 0 0 0 0
 527.5900128145164 512.2975486749651 497.005084535414 481.71262039586276 466.42015625631166 451.1276921167605 435.83522797720906 420.5427638376582 405.2502996981068 389.9578355585556 374.66537141900443 359.37290727945316 344.08044313990194 328.787979000351 313.4955148607998 298.2030507212486 282.91058658169766 267.61812244214707 252.3256583025957 237.0331941630432 221.7407300234934 206.44826588394176 191.15580174439012 175.86333760484004 160.57087346528934 145.27840932573685 129.98594518618518 114.69348104663595 99.40101690708596 84.10855276752974 68.81608862798792 53.52362448843834 38.2311603488865 22.93869620934032 7.646232069833799 0 0 0 0 0 0 0 0 0 0 0 0 0 0 0 0 0 0 0 0 0 0 0 0 0 0 0 0 0 0 0 0 0 0 0 0 0 0 0 0 0 0 0 0 0 0 0 0 0 0 0 0 0 0 0 0 0 0 0 0 0 0 0 0 0 0
 429.14477491615537 413.85231077660416 398.55984663705306 383.2673824975019 367.9749183579507 352.68245421839947 337.38999007884837 322.0975259392971 306.80506179974583 291.5125976601949 276.2201335206437 260.92766938109236 245.63520524154123 230.34274110198996 215.05027696243823 199.7578128228875 184.46534868333652 169.17288454378604 153.88042040423485 138.58795626468316 123.2954921251326 108.00302798558292 92.71056384602694 77.41809970647833 62.12563556693112 46.833171427377565 31.540707287835485 16.248243148284764 0.9557790092031535 0 0 0 0 0 0 0 0 0 0 0 0 0 0 0 0 0 0 0 0 0 0 0 0 0 0 0 0 0 0 0 0 0 0 0 0 0 0 0 0 0 0 0 0 0 0 0 0 0 0 0 0 0 0 0 0 0 0 0 0 0 0 0 0 0 0 0 0 0 0 0 0
 330.69953701779485 315.40707287824364 300.11460873869237 284.8221445991412 269.52968045958994 254.23721632003887 238.94475218048777 223.6522880409365 208.3598239013853 193.06735976183407 177.77489562228268 162.48243148273176 147.18996734318043 131.8975032036297 116.60503906407914 101.31257492452812 86.02011078497644 70.72764664542667 55.43518250587655 40.142718366323884 24.850254226775423 9.557790087229058 0 0 0 0 0 0 0 0 0 0 0 0 0 0 0 0 0 0 0 0 0 0 0 0 0 0 0 0 0 0 0 0 0 0 0 0 0 0 0 0 0 0 0 0 0 0 0 0 0 0 0 0 0 0 0 0 0 0 0 0 0 0 0 0 0 0 0 0 0 0 0 0 0 0 0 0 0 0 0
 232.25429911943385 216.9618349798827 201.66937084033142 186.3769067007803 171.08444256122905 155.7919784216779 140.4995142821267 125.20705014257527 109.91458600302428 94.62212186347341 79.32965772392275 64.03719358437083 48.74472944482077 33.45226530526878 18.15980116572175 2.8673370261969673 0 0 0 0 0 0 0 0 0 0 0 0 0 0 0 0 0 0 0 0 0 0 0 0 0 0 0 0 0 0 0 0 0 0 0 0 0 0 0 0 0 0 0 0 0 0 0 0 0 0 0 0 0 0 0 0 0 0 0 0 0 0 0 0 0 0 0 0 0 0 0 0 0 0 0 0 0 0 0 0 0 0 0 0 0
 133.80906122107288 118.51659708152167 103.22413294197051 87.93166880241934 72.63920466286805 57.34674052331689 42.05427638376572 26.76181224421485 11.469348104663966 0 0 0 0 0 0 0 0 0 0 0 0 0 0 0 0 0 0 0 0 0 0 0 0 0 0 0 0 0 0 0 0 0 0 0 0 0 0 0 0 0 0 0 0 0 0 0 0 0 0 0 0 0 0 0 0 0 0 0 0 0 0 0 0 0 0 0 0 0 0 0 0 0 0 0 0 0 0 0 0 0 0 0 0 0 0 0 0 0 0 0 0
 35.36382332271224 20.071359183161057 4.778895043610115 0 0 0 0 0 0 0 0 0 0 0 0 0 0 0 0 0 0 0 0 0 0 0 0 0 0 0 0 0 0 0 0 0 0 0 0 0 0 0 0 0 0 0 0 0 0 0 0 0 0 0 0 0 0 0 0 0 0 0 0 0 0 0 0 0 0 0 0 0 0 0 0 0 0 0 0 0 0 0 0 0 0 0 0 0 0 0 0 0 0 0 0 0 0 0 0 0 0
 56.1174996813853 28.747059721363016 1.3766197621995546 0 0 0 0 0 0 0 0 0 0 0 0 0 0 0 0 0 0 0 0 0 0 0 0 0 0 0 0 0 0 0 0 0 0 0 0 0 0 0 0 0 0 0 0 0 0 0 0 0 0 0 0 0 0 0 0 0 0 0 0 0 0 0 0 0 0 0 0 0 0 0 0 0 0 0 0 0 0 0 0 0 0 0 0 0 0 0 0 0 0 0 0 0 0 0 0 0 0
 143.6948097902484 116.3243698302161 88.95392987015897 61.58348991011776 34.213049950064196 6.842609990016162 0 0 0 0 0 0 0 0 0 0 0 0 0 0 0 0 0 0 0 0 0 0 0 0 0 0 0 0 0 0 0 0 0 0 0 0 0 0 0 0 0 0 0 0 0 0 0 0 0 0 0 0 0 0 0 0 0 0 0 0 0 0 0 0 0 0 0 0 0 0 0 0 0 0 0 0 0 0 0 0 0 0 0 0 0 0 0 0 0 0 0 0 0 0 0
 231.27211989909685 203.90167993905283 176.53123997900548 149.1608000189588 121.79036005891322 94.4199200988636 67.04948013880932 39.67904017876932 12.308600218746593 0 0 0 0 0 0 0 0 0 0 0 0 0 0 0 0 0 0 0 0 0 0 0 0 0 0 0 0 0 0 0 0 0 0 0 0 0 0 0 0 0 0 0 0 0 0 0 0 0 0 0 0 0 0 0 0 0 0 0 0 0 0 0 0 0 0 0 0 0 0 0 0 0 0 0 0 0 0 0 0 0 0 0 0 0 0 0 0 0 0 0 0
 318.84943000794806 291.4789900479035 264.1085500878523 236.73811012781027 209.3676701677592 181.9972302077106 154.6267902476659 127.25635028761637 99.88591032757796 72.51547036751623 45.145030407470664 17.774590447387897 0 0 0 0 0 0 0 0 0 0 0 0 0 0 0 0 0 0 0 0 0 0 0 0 0 0 0 0 0 0 0 0 0 0 0 0 0 0 0 0 0 0 0 0 0 0 0 0 0 0 0 0 0 0 0 0 0 0 0 0 0 0 0 0 0 0 0 0 0 0 0 0 0 0 0 0 0 0 0 0 0 0 0 0 0 0 0 0 0
 406.4267401167974 379.0563001567532 351.6858601967049 324.3154202366576 296.9449802766105 269.5745403165618 242.20410035651437 214.83366039646734 187.46322043641936 160.09278047637358 132.72234051632697 105.35190055628163 77.981460596228 50.61102063617508 23.240580676137483 0 0 0 0 0 0 0 0 0 0 0 0 0 0 0 0 0 0 0 0 0 0 0 0 0 0 0 0 0 0 0 0 0 0 0 0 0 0 0 0 0 0 0 0 0 0 0 0 0 0 0 0 0 0 0 0 0 0 0 0 0 0 0 0 0 0 0 0 0 0 0 0 0 0 0 0 0 0 0 0 0 0 0 0 0 0
 494.0040502256483 466.6336102656013 439.26317030555265 411.89273034550746 384.5222903854569 357.151850425411 329.7814104653629 302.41097050531505 275.04053054526946 247.6700905852213 220.29965062517584 192.9292106651226 165.5587707050783 138.18833074503175 110.81789078498264 83.44745082493687 56.077010864894305 28.706570904849343 1.336130945078751 0 0 0 0 0 0 0 0 0 0 0 0 0 0 0 0 0 0 0 0 0 0 0 0 0 0 0 0 0 0 0 0 0 0 0 0 0 0 0 0 0 0 0 0 0 0 0 0 0 0 0 0 0 0 0 0 0 0 0 0 0 0 0 0 0 0 0 0 0 0 0 0 0 0 0 0 0 0 0 0 0 0
 581.581360334498 554.2109203744517 526.8404804144044 499.47004045435636 472.0996004943084 444.72916053426053 417.35872057421346 389.98828061416606 362.61784065412047 335.247400694072 307.87696073402367 280.5065207739765 253.13608081392854 225.7656408538822 198.3952008938344 171.02476093378706 143.65432097374136 116.28388101369111 88.91344105364493 61.54300109359673 34.172561133554055 6.802121173541957 0 0 0 0 0 0 0 0 0 0 0 0 0 0 0 0 0 0 0 0 0 0 0 0 0 0 0 0 0 0 0 0 0 0 0 0 0 0 0 0 0 0 0 0 0 0 0 0 0 0 0 0 0 0 0 0 0 0 0 0 0 0 0 0 0 0 0 0 0 0 0 0 0 0 0 0 0 0 0
 669.1586704433473 641.7882304833001 614.4177905232535 587.0473505632057 559.6769106031585 532.3064706431093 504.93603068306345 477.56559072301627 450.19515076296796 422.8247108029212 395.4542708428747 368.0838308828259 340.7133909227784 313.34295096273115 285.97251100268323 258.6020710426373 231.23163108258956 203.86119112254292 176.49075116249543 149.1203112024485 121.74987124240022 94.37943128235388 67.00899132230552 39.63855136225457 12.268111402212615 0 0 0 0 0 0 0 0 0 0 0 0 0 0 0 0 0 0 0 0 0 0 0 0 0 0 0 0 0 0 0 0 0 0 0 0 0 0 0 0 0 0 0 0 0 0 0 0 0 0 0 0 0 0 0 0 0 0 0 0 0 0 0 0 0 0 0 0 0 0 0 0 0 0 0 0
 756.7359805521962 729.3655405921498 701.9951006321028 674.6246606720556 647.2542207120081 619.8837807519589 592.5133407919116 565.1429008318654 537.7724608718185 510.4020209117702 483.0315809517231 455.66114099167595 428.2907010316284 400.9202610715807 373.54982111153316 346.17938115148587 318.8089411914389 291.43850123139134 264.0680612713436 236.69762131129676 209.32718135125046 181.95674139120268 154.58630143115533 127.21586147110709 99.84542151105997 72.47498155101239 45.10454159096503 17.73410163092294 0 0 0 0 0 0 0 0 0 0 0 0 0 0 0 0 0 0 0 0 0 0 0 0 0 0 0 0 0 0 0 0 0 0 0 0 0 0 0 0 0 0 0 0 0 0 0 0 0 0 0 0 0 0 0 0 0 0 0 0 0 0 0 0 0 0 0 0 0 0 0 0 0
 844.3132906610464 816.942850701 789.572410740952 762.2019707809052 734.8315308208571 707.461090860809 680.0906509007631 652.7202109407157 625.3497709806674 597.9793310206202 570.6088910605728 543.2384511005257 515.8680111404784 488.4975711804313 461.1271312203831 433.7566912603361 406.38625130028964 379.0158113402418 351.64537138019483 324.27493142014714 296.9044914600995 269.53405150005267 242.16361154000427 214.79317157995706 187.42273161991076 160.05229165986276 132.68185169981547 105.31141173976806 77.94097177972137 50.57053181967306 23.20009185962652 0 0 0 0 0 0 0 0 0 0 0 0 0 0 0 0 0 0 0 0 0 0 0 0 0 0 0 0 0 0 0 0 0 0 0 0 0 0 0 0 0 0 0 0 0 0 0 0 0 0 0 0 0 0 0 0 0 0 0 0 0 0 0 0 0 0 0 0 0 0
 931.8906007698965 904.5201608098495 877.1497208498024 849.7792808897543 822.4088409297078 795.0384009696598 767.6679610096126 740.2975210495653 712.9270810895177 685.5566411294703 658.1862011694225 630.8157612093753 603.4453212493281 576.0748812892812 548.704441329233 521.3340013691858 493.9635614091391 466.59312144909177 439.22268148904425 411.85224152899644 384.4818015689495 357.1113616089016 329.7409216488541 302.37048168880693 275.0000417287599 247.62960176871246 220.25916180866543 192.8887218486182 165.5182818885703 138.14784192852363 110.77740196847591 83.40696200842845 56.0365220483816 28.666082088334655 1.2956421282883743 0 0 0 0 0 0 0 0 0 0 0 0 0 0 0 0 0 0 0 0 0 0 0 0 0 0 0 0 0 0 0 0 0 0 0 0 0 0 0 0 0 0 0 0 0 0 0 0 0 0 0 0 0 0 0 0 0 0 0 0 0 0 0 0 0 0
 1019.4679108787464 992.0974709186999 964.7270309586524 937.3565909986048 909.9861510385578 882.6157110785097 854.134064418461 825.528315686385 799.2853057575873 773.1339512383203 745.7635112782727 718.3930713182256 691.0226313581779 663.6521913981308 636.2817514380831 608.9113114780356 581.5408715179888 554.1704315579414 526.799991597894 499.4295516378468 472.0591116777993 444.68867171775184 417.3182317577046 389.9477917976572 362.57735183760957 335.2069118775626 307.83647191751515 280.46603195746803 253.09559199742054 225.72515203737308 198.3547120773255 170.98427211727832 143.61383215723112 116.24339219718365 88.87295223713616 61.50251227708878 34.13207231704177 6.761632356995635 0 0 0 0 0 0 0 0 0 0 0 0 0 0 0 0 0 0 0 0 0 0 0 0 0 0 0 0 0 0 0 0 0 0 0 0 0 0 0 0 0 0 0 0 0 0 0 0 0 0 0 0 0 0 0 0 0 0 0 0 0 0 0
 998.8012815370231 957.657558838231 917.6164776201438 878.8287660289685 841.4677652768402 805.7319653582075 771.8471351245657 740.0675644831352 710.6757347764166 683.9795318574961 660.3059896744838 638.5049763925482 616.7139511645373 594.9229259365266 573.1319007085156 551.3408754805047 529.5498502524939 507.7588250244831 485.96779979647226 464.17677456846144 442.38574934045056 420.5947241124397 398.80369888442885 377.01267365641803 355.22164842840715 333.43062320039627 311.63959797238545 289.8485727443748 268.05754751636385 246.2665222883529 224.4754970603423 202.6844718323313 180.8934466043209 159.1024213763095 137.31139614829934 115.52037092028912 93.72934569227736 71.93832046426269 50.14729523625257 28.356270008237512 6.565244780233301 0 0 0 0 0 0 0 0 0 0 0 0 0 0 0 0 0 0 0 0 0 0 0 0 0 0 0 0 0 0 0 0 0 0 0 0 0 0 0 0 0 0 0 0 0 0 0 0 0 0 0 0 0 0 0 0 0 0 0 0
 938.1338577916988 896.0795814079329 854.0253050241676 812.2567328129697 771.6793375489591 732.5469268244871 695.1035894023281 659.6370213988904 626.4830404727651 596.0276839208061 568.7046685231275 544.9851597890022 523.1941345609912 501.4031093329804 479.6120841049696 457.82105887695883 436.03003364894795 414.23900842093707 392.4479831929263 370.6569579649154 348.86593273690454 327.07490750889383 305.283882280883 283.4928570528719 261.70183182486113 239.91080659685022 218.11978136883954 196.32875614082909 174.53773091281775 152.74670568480698 130.95568045679659 109.16465522878478 87.37363000077542 65.58260477276335 43.79157954475424 22.00055431673429 0.20952908939272896 0 0 0 0 0 0 0 0 0 0 0 0 0 0 0 0 0 0 0 0 0 0 0 0 0 0 0 0 0 0 0 0 0 0 0 0 0 0 0 0 0 0 0 0 0 0 0 0 0 0 0 0 0 0 0 0 0 0 0 0 0 0 0 0
 877.5521729311694 835.4978965474036 793.4436201636379 751.389343779872 709.3350673961062 667.2807910123406 625.9456845445939 586.3104979445619 548.7440204685606 513.7003017324403 481.73021495438724 453.4842885922291 429.6743179574446 407.88329272943383 386.09226750142295 364.3012422734122 342.51021704540125 320.7191918173904 298.9281665893796 277.13714136136866 255.3461161333578 233.55509090534713 211.7640656773363 189.97304044932545 168.1820152213147 146.39098999330344 124.59996476529265 102.80893953728261 81.01791430927089 59.22688908126222 37.43586385325152 15.644838625243827 0 0 0 0 0 0 0 0 0 0 0 0 0 0 0 0 0 0 0 0 0 0 0 0 0 0 0 0 0 0 0 0 0 0 0 0 0 0 0 0 0 0 0 0 0 0 0 0 0 0 0 0 0 0 0 0 0 0 0 0 0 0 0 0 0 0 0 0 0
 816.9704880706395 774.9162116868736 732.8619353031081 690.8076589193423 648.7533825355763 606.6991061518105 564.6448297680448 522.590553384279 480.60066583391256 440.1647418864896 402.3940854436109 368.1100378962791 338.37405337880153 314.36347612588725 292.5724508978763 270.78142566986554 248.99040044185466 227.1993752138439 205.40834998583307 183.61732475782208 161.82629952981122 140.03527430180048 118.24424907379 96.45322384577875 74.66219861776808 52.87117338975664 31.08014816174399 9.28912293374258 0 0 0 0 0 0 0 0 0 0 0 0 0 0 0 0 0 0 0 0 0 0 0 0 0 0 0 0 0 0 0 0 0 0 0 0 0 0 0 0 0 0 0 0 0 0 0 0 0 0 0 0 0 0 0 0 0 0 0 0 0 0 0 0 0 0 0 0 0 0 0 0 0
 756.3888032101096 714.3345268263434 672.2802504425781 630.2259740588123 588.1716976750464 546.1174212912803 504.06314490751487 462.00886852374936 419.95459213998305 377.9003157562172 335.8460393724519 294.24479604574145 256.07030284669867 223.54417907876729 199.05263429432972 177.2616090663189 155.47058383830804 133.67955861029725 111.8885333822864 90.09750815427556 68.30648292626464 46.51545769825413 24.724432470243745 2.9334072422331228 0 0 0 0 0 0 0 0 0 0 0 0 0 0 0 0 0 0 0 0 0 0 0 0 0 0 0 0 0 0 0 0 0 0 0 0 0 0 0 0 0 0 0 0 0 0 0 0 0 0 0 0 0 0 0 0 0 0 0 0 0 0 0 0 0 0 0 0 0 0 0 0 0 0 0 0 0
 695.8071183495797 653.7528419658139 611.6985655820483 569.6442891982824 527.5900128145165 485.53573643075066 443.4814600469852 401.427183663219 359.37290727945333 317.3186308956875 275.2643545119212 233.21007812815645 191.15580174439083 149.1015253606249 109.87720418721969 83.74179246277228 61.95076723476141 40.15974200675062 18.368716778739874 0 0 0 0 0 0 0 0 0 0 0 0 0 0 0 0 0 0 0 0 0 0 0 0 0 0 0 0 0 0 0 0 0 0 0 0 0 0 0 0 0 0 0 0 0 0 0 0 0 0 0 0 0 0 0 0 0 0 0 0 0 0 0 0 0 0 0 0 0 0 0 0 0 0 0 0 0 0 0 0 0 0
 635.2254334890499 593.1711571052838 551.1168807215186 509.0626043377525 467.0083279539867 424.9540515702214 382.89977518645526 340.84549880268986 298.791222418924 256.73694603515764 214.68266965139264 172.6283932676276 130.57411688386026 88.51984050009537 46.46556411633356 4.411287732565542 0 0 0 0 0 0 0 0 0 0 0 0 0 0 0 0 0 0 0 0 0 0 0 0 0 0 0 0 0 0 0 0 0 0 0 0 0 0 0 0 0 0 0 0 0 0 0 0 0 0 0 0 0 0 0 0 0 0 0 0 0 0 0 0 0 0 0 0 0 0 0 0 0 0 0 0 0 0 0 0 0 0 0 0 0
 574.6437486285204 532.5894722447546 490.5351958609888 448.48091947722315 406.42664309345724 364.3723667096916 322.3180903259255 280.2638139421606 238.20953755839432 196.15526117462883 154.10098479086346 112.04670840709652 69.9924320233321 27.938155639571594 0 0 0 0 0 0 0 0 0 0 0 0 0 0 0 0 0 0 0 0 0 0 0 0 0 0 0 0 0 0 0 0 0 0 0 0 0 0 0 0 0 0 0 0 0 0 0 0 0 0 0 0 0 0 0 0 0 0 0 0 0 0 0 0 0 0 0 0 0 0 0 0 0 0 0 0 0 0 0 0 0 0 0 0 0 0 0
 514.0620637679906 472.0077873842249 429.9535110004589 387.899234616693 345.84495823292724 303.7906818491617 261.73640546539616 219.6821290816297 177.62785269786457 135.5735763140987 93.51929993033194 51.465023546567615 9.4107471628083 0 0 0 0 0 0 0 0 0 0 0 0 0 0 0 0 0 0 0 0 0 0 0 0 0 0 0 0 0 0 0 0 0 0 0 0 0 0 0 0 0 0 0 0 0 0 0 0 0 0 0 0 0 0 0 0 0 0 0 0 0 0 0 0 0 0 0 0 0 0 0 0 0 0 0 0 0 0 0 0 0 0 0 0 0 0 0 0
 453.48037890746076 411.42610252369514 369.37182613992894 327.3175497561634 285.26327337239763 243.20899698863184 201.15472060486636 159.10044422110053 117.04616783733411 74.99189145356874 32.93761506980425 0 0 0 0 0 0 0 0 0 0 0 0 0 0 0 0 0 0 0 0 0 0 0 0 0 0 0 0 0 0 0 0 0 0 0 0 0 0 0 0 0 0 0 0 0 0 0 0 0 0 0 0 0 0 0 0 0 0 0 0 0 0 0 0 0 0 0 0 0 0 0 0 0 0 0 0 0 0 0 0 0 0 0 0 0 0 0 0 0 0
 392.898694046931 350.8444176631654 308.7901412793994 266.73586489563365 224.68158851186817 182.62731212810183 140.5730357443367 98.5187593605713 56.464482976805144 14.410206593046254 0 0 0 0 0 0 0 0 0 0 0 0 0 0 0 0 0 0 0 0 0 0 0 0 0 0 0 0 0 0 0 0 0 0 0 0 0 0 0 0 0 0 0 0 0 0 0 0 0 0 0 0 0 0 0 0 0 0 0 0 0 0 0 0 0 0 0 0 0 0 0 0 0 0 0 0 0 0 0 0 0 0 0 0 0 0 0 0 0 0 0
 332.3170091864011 290.2627328026354 248.20845641886936 206.1541800351037 164.0999036513382 122.04562726757216 79.99135088380662 37.93707450004148 0 0 0 0 0 0 0 0 0 0 0 0 0 0 0 0 0 0 0 0 0 0 0 0 0 0 0 0 0 0 0 0 0 0 0 0 0 0 0 0 0 0 0 0 0 0 0 0 0 0 0 0 0 0 0 0 0 0 0 0 0 0 0 0 0 0 0 0 0 0 0 0 0 0 0 0 0 0 0 0 0 0 0 0 0 0 0 0 0 0 0 0 0
 271.7353243258712 229.68104794210532 187.62677155833953 145.5724951745737 103.51821879080809 61.463942407041806 19.409666023277623 0 0 0 0 0 0 0 0 0 0 0 0 0 0 0 0 0 0 0 0 0 0 0 0 0 0 0 0 0 0 0 0 0 0 0 0 0 0 0 0 0 0 0 0 0 0 0 0 0 0 0 0 0 0 0 0 0 0 0 0 0 0 0 0 0 0 0 0 0 0 0 0 0 0 0 0 0 0 0 0 0 0 0 0 0 0 0 0 0 0 0 0 0 0
 211.1536394653418 169.099363081576 127.0450866978102 84.99081031404445 42.936533930279225 0.8822575465203567 0 0 0 0 0 0 0 0 0 0 0 0 0 0 0 0 0 0 0 0 0 0 0 0 0 0 0 0 0 0 0 0 0 0 0 0 0 0 0 0 0 0 0 0 0 0 0 0 0 0 0 0 0 0 0 0 0 0 0 0 0 0 0 0 0 0 0 0 0 0 0 0 0 0 0 0 0 0 0 0 0 0 0 0 0 0 0 0 0 0 0 0 0 0 3.4048646740033295
 150.57195460481202 108.51767822104618 66.46340183728063 24.409125453515184 0 0 0 0 0 0 0 0 0 0 0 0 0 0 0 0 0 0 0 0 0 0 0 0 0 0 0 0 0 0 0 0 0 0 0 0 0 0 0 0 0 0 0 0 0 0 0 0 0 0 0 0 0 0 0 0 0 0 0 0 0 0 0 0 0 0 0 0 0 0 0 0 0 0 0 0 0 0 0 0 0 0 0 0 0 0 0 0 0 0 0 0 0 0 0 0 11.958549098938594
 89.99026974428214 47.93599336051638 5.8817169767510356 0 0 0 0 0 0 0 0 0 0 0 0 0 0 0 0 0 0 0 0 0 0 0 0 0 0 0 0 0 0 0 0 0 0 0 0 0 0 0 0 0 0 0 0 0 0 0 0 0 0 0 0 0 0 0 0 0 0 0 0 0 0 0 0 0 0 0 0 0 0 0 0 0 0 0 0 0 0 0 0 0 0 0 0 0 0 0 0 0 0 0 0 0 0 0 0 0 20.512233523873988
 29.408584883752315 0 0 0 0 0 0 0 0 0 0 0 0 0 0 0 0 0 0 0 0 0 0 0 0 0 0 0 0 0 0 0 0 0 0 0 0 0 0 0 0 0 0 0 0 0 0 0 0 0 0 0 0 0 0 0 0 0 0 0 0 0 0 0 0 0 0 0 0 0 0 0 0 0 0 0 0 0 0 0 0 0 0 0 0 0 0 0 0 0 0 0 0 0 0 0 0 0 0 0 29.06591794880924
 0 0 0 0 0 0 0 0 0 0 0 0 0 0 0 0 0 0 0 0 0 0 0 0 0 0 0 0 0 0 0 0 0 0 0 0 0 0 0 0 0 0 0 0 0 0 0 0 0 0 0 0 0 0 0 0 0 0 0 0 0 0 0 0 0 0 0 0 0 0 0 0 0 0 0 0 0 0 0 0 0 0 0 0 0 0 0 0 0 0 0 0 0 0 0 0 0 0 0 0 37.61960237374468
 0 0 0 0 0 0 0 0 0 0 0 0 0 0 0 0 0 0 0 0 0 0 0 0 0 0 0 0 0 0 0 0 0 0 0 0 0 0 0 0 0 0 0 0 0 0 0 0 0 0 0 0 0 0 0 0 0 0 0 0 0 0 0 0 0 0 0 0 0 0 0 0 0 0 0 0 0 0 0 0 0 0 0 0 0 0 0 0 0 0 0 0 0 0 0 0 0 0 0 0 46.17328679867962
 0 0 0 0 0 0 0 0 0 0 0 0 0 0 0 0 0 0 0 0 0 0 0 0 0 0 0 0 0 0 0 0 0 0 0 0 0 0 0 0 0 0 0 0 0 0 0 0 0 0 0 0 0 0 0 0 0 0 0 0 0 0 0 0 0 0 0 0 0 0 0 0 0 0 0 0 0 0 0 0 0 0 0 0 0 0 0 0 0 0 0 0 0 0 0 0 0 0 0 2.9065917948924747 54.72697122361495
 0 0 0 0 0 0 0 0 0 0 0 0 0 0 0 0 0 0 0 0 0 0 0 0 0 0 0 0 0 0 0 0 0 0 0 0 0 0 0 0 0 0 0 0 0 0 0 0 0 0 0 0 0 0 0 0 0 0 0 0 0 0 0 0 0 0 0 0 0 0 0 0 0 0 0 0 0 0 0 0 0 0 0 0 0 0 0 0 0 0 0 0 0 0 0 0 0 0 0 11.460276219816615 63.28065564855023
 0 0 0 0 0 0 0 0 0 0 0 0 0 0 0 0 0 0 0 0 0 0 0 0 0 0 0 0 0 0 0 0 0 0 0 0 0 0 0 0 0 0 0 0 0 0 0 0 0 0 0 0 0 0 0 0 0 0 0 0 0 0 0 0 0 0 0 0 0 0 0 0 0 0 0 0 0 0 0 0 0 0 0 0 0 0 0 0 0 0 0 0 0 0 0 0 0 0 0 20.013960644759038 71.83434007348548
 0 0 0 0 0 0 0 0 0 0 0 0 0 0 0 0 0 0 0 0 0 0 0 0 0 0 0 0 0 0 0 0 0 0 0 0 0 0 0 0 0 0 0 0 0 0 0 0 0 0 0 0 0 0 0 0 0 0 0 0 0 0 0 0 0 0 0 0 0 0 0 0 0 0 0 0 0 0 0 0 0 0 0 0 0 0 0 0 0 0 0 0 0 0 0 0 0 0 0 28.567645069692126 80.38802449842204
 0 0 0 0 0 0 0 0 0 0 0 0 0 0 0 0 0 0 0 0 0 0 0 0 0 0 0 0 0 0 0 0 0 0 0 0 0 0 0 0 0 0 0 0 0 0 0 0 0 0 0 0 0 0 0 0 0 0 0 0 0 0 0 0 0 0 0 0 0 0 0 0 0 0 0 0 0 0 0 0 0 0 0 0 0 0 0 0 0 0 0 0 0 0 0 0 0 0 0 37.121329494624256 88.94170892335592
 0 0 0 0 0 0 0 0 0 0 0 0 0 0 0 0 0 0 0 0 0 0 0 0 0 0 0 0 0 0 0 0 0 0 0 0 0 0 0 0 0 0 0 0 0 0 0 0 0 0 0 0 0 0 0 0 0 0 0 0 0 0 0 0 0 0 0 0 0 0 0 0 0 0 0 0 0 0 0 0 0 0 0 0 0 0 0 0 0 0 0 0 0 0 0 0 0 0 0 45.675013919562176 97.49539334829221
 0 0 0 0 0 0 0 0 0 0 0 0 0 0 0 0 0 0 0 0 0 0 0 0 0 0 0 0 0 0 0 0 0 0 0 0 0 0 0 0 0 0 0 0 0 0 0 0 0 0 0 0 0 0 0 0 0 0 0 0 0 0 0 0 0 0 0 0 0 0 0 0 0 0 0 0 0 0 0 0 0 0 0 0 0 0 0 0 0 0 0 0 0 0 0 0 0 0 1.9174124721192911 53.764245718200385 105.61107896428294
 0 0 0 0 0 0 0 0 0 0 0 0 0 0 0 0 0 0 0 0 0 0 0 0 0 0 0 0 0 0 0 0 0 0 0 0 0 0 0 0 0 0 0 0 0 0 0 0 0 0 0 0 0 0 0 0 0 0 0 0 0 0 0 0 0 0 0 0 0 0 0 0 0 0 0 0 0 0 0 0 0 0 0 0 0 0 0 0 0 0 0 0 0 0 0 0 0 0 9.817151857246568 61.66398510332832 113.5108183494108
 0 0 0 0 0 0 0 0 0 0 0 0 0 0 0 0 0 0 0 0 0 0 0 0 0 0 0 0 0 0 0 0 0 0 0 0 0 0 0 0 0 0 0 0 0 0 0 0 0 0 0 0 0 0 0 0 0 0 0 0 0 0 0 0 0 0 0 0 0 0 0 0 0 0 0 0 0 0 0 0 0 0 0 0 0 0 0 0 0 0 0 0 0 0 0 0 0 0 17.71689124237469 69.56372448845624 121.41055773453877
 0 0 0 0 0 0 0 0 0 0 0 0 0 0 0 0 0 0 0 0 0 0 0 0 0 0 0 0 0 0 0 0 0 0 0 0 0 0 0 0 0 0 0 0 0 0 0 0 0 0 0 0 0 0 0 0 0 0 0 0 0 0 0 0 0 0 0 0 0 0 0 0 0 0 0 0 0 0 0 0 0 0 0 0 0 0 0 0 0 0 0 0 0 0 0 0 0 0 25.61663062750344 77.46346387358433 129.31029711966687
 0 0 0 0 0 0 0 0 0 0 0 0 0 0 0 0 0 0 0 0 0 0 0 0 0 0 0 0 0 0 0 0 0 0 0 0 0 0 0 0 0 0 0 0 0 0 0 0 0 0 0 0 0 0 0 0 0 0 0 0 0 0 0 0 0 0 0 0 0 0 0 0 0 0 0 0 0 0 0 0 0 0 0 0 0 0 0 0 0 0 0 0 0 0 0 0 0 0 33.51637001263131 85.36320325871253 137.21003650479472
 0 0 0 0 0 0 0 0 0 0 0 0 0 0 0 0 0 0 0 0 0 0 0 0 0 0 0 0 0 0 0 0 0 0 0 0 0 0 0 0 0 0 0 0 0 0 0 0 0 0 0 0 0 0 0 0 0 0 0 0 0 0 0 0 0 0 0 0 0 0 0 0 0 0 0 0 0 0 0 0 0 0 0 0 0 0 0 0 0 0 0 0 0 0 0 0 0 0 41.41610939775924 93.26294264384029 145.10977588992276
 0 0 0 0 0 0 0 0 0 0 0 0 0 0 0 0 0 0 0 0 0 0 0 0 0 0 0 0 0 0 0 0 0 0 0 0 0 0 0 0 0 0 0 0 0 0 0 0 0 0 0 0 0 0 0 0 0 0 0 0 0 0 0 0 0 0 0 0 0 0 0 0 0 0 0 0 0 0 0 0 0 0 0 0 0 0 0 0 0 0 0 0 0 0 0 0 0 0 49.3158487828863 101.16268202896768 153.00951527505038
 0 0 0 0 0 0 0 0 0 0 0 0 0 0 0 0 0 0 0 0 0 0 0 0 0 0 0 0 0 0 0 0 0 0 0 0 0 0 0 0 0 0 0 0 0 0 0 0 0 0 0 0 0 0 0 0 0 0 0 0 0 0 0 0 0 0 0 0 0 0 0 0 0 0 0 0 0 0 0 0 0 0 0 0 0 0 0 0 0 0 0 0 0 0 0 0 0 5.368754921952974 57.21558816801656 109.06242141409702 160.90925466017933
 0 0 0 0 0 0 0 0 0 0 0 0 0 0 0 0 0 0 0 0 0 0 0 0 0 0 0 0 0 0 0 0 0 0 0 0 0 0 0 0 0 0 0 0 0 0 0 0 0 0 0 0 0 0 0 0 0 0 0 0 0 0 0 0 0 0 0 0 0 0 0 0 0 0 0 0 0 0 0 0 0 0 0 0 0 0 0 0 0 0 0 0 0 0 0 0 0 13.268494307058228 65.11532755314234 116.96216079922306 168.80899404530604
 0 0 0 0 0 0 0 0 0 0 0 0 0 0 0 0 0 0 0 0 0 0 0 0 0 0 0 0 0 0 0 0 0 0 0 0 0 0 0 0 0 0 0 0 0 0 0 0 0 0 0 0 0 0 0 0 0 0 0 0 0 0 0 0 0 0 0 0 0 0 0 0 0 0 0 0 0 0 0 0 0 0 0 0 0 0 0 0 0 0 0 0 0 0 0 0 0 21.168233692190125 73.0150669382675 124.8619001843507 176.7087334304342
 0 0 0 0 0 0 0 0 0 0 0 0 0 0 0 0 0 0 0 0 0 0 0 0 0 0 0 0 0 0 0 0 0 0 0 0 0 0 0 0 0 0 0 0 0 0 0 0 0 0 0 0 0 0 0 0 0 0 0 0 0 0 0 0 0 0 0 0 0 0 0 0 0 0 0 0 0 0 0 0 0 0 0 0 0 0 0 0 0 0 0 0 0 0 0 0 0 29.067973077319603 80.9148063233975 132.76163956948045 184.60847281556192
 0 0 0 0 0 0 0 0 0 0 0 0 0 0 0 0 0 0 0 0 0 0 0 0 0 0 0 0 0 0 0 0 0 0 0 0 0 0 0 0 0 0 0 0 0 0 0 0 0 0 0 0 0 0 0 0 0 0 0 0 0 0 0 0 0 0 0 0 0 0 0 0 0 0 0 0 0 0 0 0 0 0 0 0 0 0 0 0 0 0 0 0 0 0 0 0 0 36.96771246244822 88.81454570852624 140.66137895460946 192.50821220069
 0 0 0 0 0 0 0 0 0 0 0 0 0 0 0 0 0 0 0 0 0 0 0 0 0 0 0 0 0 0 0 0 0 0 0 0 0 0 0 0 0 0 0 0 0 0 0 0 0 0 0 0 0 0 0 0 0 0 0 0 0 0 0 0 0 0 0 0 0 0 0 0 0 9.30260509419028 0 0 0 0 0 0 0 0 0 0 0 0 0 0 0 0 0 0 0 0 0 0 0 44.86745184757167 96.71428509365477 148.56111833973637 200.40795158581835
 0 0 0 0 0 0 0 0 0 0 0 0 0 0 0 0 0 0 0 0 0 0 0 0 0 0 0 0 0 0 0 0 0 0 0 0 0 0 0 0 0 0 0 0 0 0 0 0 0 0 0 0 0 0 0 0 0 0 0 0 0 0 0 0 0 0 0 0 0 0 21.333974349343354 47.133199143898885 72.93242393845412 77.98284515155608 38.28675831236911 0 0 0 0 0 0 0 0 0 0 0 0 0 0 0 0 0 0 0 0 0 0.9203579866448366 52.767191232703055 104.61402447878383 156.46085772486379 208.30769097094563
 0 0 0 0 0 0 0 0 0 0 0 0 0 0 0 0 0 0 0 0 0 0 0 0 0 0 0 0 0 0 0 0 0 0 0 0 0 0 0 0 0 0 0 0 0 0 0 0 0 0 0 0 0 0 0 0 0 0 0 0 0 0 0 0 0 0 7.566118809936836 33.36534360449609 59.164568399051944 84.9637931936077 110.76301798816277 136.56224278271839 162.36146757727352 144.51489602256973 104.81880918337698 65.12272234418552 25.426635504990085 0 0 0 0 0 0 0 0 0 0 0 0 0 0 0 0 0 0 0 8.820097371766527 60.66693061782756 112.513763863912 164.36059710999254 216.20743035607393
 0 0 0 0 0 0 0 0 0 0 0 0 0 0 0 0 0 0 0 0 0 0 0 0 0 0 0 0 0 0 0 0 0 0 0 0 0 0 0 0 0 0 0 0 0 0 0 0 0 0 0 0 0 0 0 0 0 0 0 0 0 0 0 19.597488065091287 45.39671285964919 71.19593765420512 96.99516244876047 122.79438724331601 148.5936120378714 174.39283683242712 200.19206162698217 225.99128642153784 250.7430337327798 211.04694689358493 171.35086005439294 131.6547732151988 91.95868637600583 52.262599536814115 12.566512697624207 0 0 0 0 0 0 0 0 0 0 0 0 0 0 0 0 0 16.719836756923414 68.56667000296207 120.41350324904188 172.26033649512405 224.10716974120183
 0 0 0 0 0 0 0 0 0 0 0 0 0 0 0 0 0 0 0 0 0 0 0 0 0 0 0 0 0 0 0 0 0 0 0 0 0 0 0 0 0 0 0 0 0 0 0 0 0 0 0 0 0 0 0 0 0 0 0 5.829632525660736 31.628857320241238 57.42808211480208 83.22730690935771 109.02653170391343 134.82575649846922 160.62498129302438 186.4242060875801 212.2234308821359 238.0226556766909 263.82188047124646 289.62110526580165 315.4203300603572 317.2750846037959 277.57899776460164 237.88291092540663 198.18682408621257 158.49073724702012 118.7946504078262 79.09856356863033 39.40247672943747 0 0 0 0 0 0 0 0 0 0 0 0 0 0 0 0 24.619576142012345 76.46640938808676 128.3132426341687 180.1600758802469 232.00690912633002
 0 0 0 0 0 0 0 0 0 0 0 0 0 0 0 0 0 0 0 0 0 0 0 0 0 0 0 0 0 0 0 0 0 0 0 0 0 0 0 0 0 0 0 0 0 0 0 0 0 0 0 0 0 0 0 0 17.86100178083842 43.660226575393665 69.45945136995448 95.25867616451188 121.05790095906686 146.85712575362214 172.6563505481778 198.45557534273334 224.25480013728895 250.05402493184422 275.85324972639955 301.652474520955 327.4516993155102 353.25092411006597 379.050148904621 404.8493736991765 383.8071354748113 344.1110486356169 304.4149617964228 264.7188749572286 225.0227881180349 185.32670127883966 145.63061443964756 105.93452760045336 66.23844076125869 26.54235392206666 0 0 0 0 0 0 0 0 0 0 0 0 0 0 32.51931552713966 84.36614877321955 136.21298201929608 188.05981526537957 239.90664851145965
 0 0 0 0 0 0 0 0 0 0 0 0 0 0 0 0 0 0 0 0 0 0 0 0 0 0 0 0 0 0 0 0 0 0 0 0 0 0 0 0 0 0 0 0 0 0 0 0 0 0 0 0 4.093146241388433 29.892371035987892 55.69159583055079 81.49082062510749 107.29004541966445 133.08927021421994 158.88849500877507 184.6877198033316 210.48694459788692 236.28616939244145 262.08539418699706 287.88461898155225 313.68384377610823 339.4830685706634 365.2822933652188 391.0815181597746 416.8807429543297 442.67996774888525 468.47919254344043 490.0352731850204 450.3391863458273 410.6430995066331 370.9470126674393 331.2509258282451 291.55483898905123 251.85875214985737 212.16266531066344 172.46657847146906 132.77049163227483 93.07440479308252 53.378317953887056 13.682231114702617 0 0 0 0 0 0 0 0 0 0 0 0 40.41905491226176 92.26588815834295 144.11272140442003 195.95955465050497 247.80638789658482
 0 0 0 0 0 0 0 0 0 0 0 0 0 0 0 0 0 0 0 0 0 0 0 0 0 0 0 0 0 0 0 0 0 0 0 0 0 0 0 0 0 0 0 0 0 0 0 0 0 16.124515496582717 41.92374029115547 67.72296508570172 93.52218988026164 119.321414674818 145.12063946937468 170.91986426392737 196.71908905848343 222.51831385303947 248.31753864759457 274.1167634421498 299.9159882367059 325.7152130312613 351.51443782581697 377.3136626203717 403.1128874149276 428.9121122094829 454.71133700403817 480.5105617985938 506.3097865931491 532.1090113877048 557.9082361822598 556.5673240560368 516.8712372168427 477.17515037764844 437.47906353845474 397.78297669926064 358.0868898600671 318.3908030208731 278.694716181679 238.998629342485 199.3025425032899 159.60645566409772 119.91036882490246 80.21428198570926 40.51819514651543 0.8221083073601593 0 0 0 0 0 0 0 0 0 0 48.318794297392955 100.16562754347622 152.01246078955418 203.85929403563642 255.70612728171486
 0 0 0 0 0 0 0 0 0 0 0 0 0 0 0 0 0 0 0 0 0 0 0 0 0 0 0 0 0 0 0 0 0 0 0 0 0 0 0 0 0 0 0 0 0 2.3566599571886195 28.155884751755565 53.9551095462948 79.75433434085993 105.55355913541314 131.3527839299701 157.15200872452533 182.95123351908268 208.7504583136373 234.5496831081931 260.34890790274807 286.1481326973035 311.94735749185963 337.7465822864151 363.54580708096967 389.34503187552514 415.1442566700805 440.94348146463653 466.7427062591915 492.5419310537467 518.341155848302 544.1403806428577 569.9396054374133 595.7388302319686 621.5380550265241 647.337279821079 623.0993749270523 583.4032880878588 543.7072012486649 504.01111440947057 464.31502757027647 424.61894073108294 384.9228538918886 345.2267670526945 305.53068021350083 265.8345933743069 226.1385065351138 186.44241969591917 146.74633285672525 107.05024601753024 67.35415917833696 27.65807233914638 0 0 0 0 0 0 0 0 4.371700436475614 56.21853368251425 108.06536692859876 159.91220017467563 211.75903342076126 263.60586666684173
 0 0 0 0 0 0 0 0 0 0 0 0 0 0 0 0 0 0 0 0 0 0 0 0 0 0 0 0 0 0 0 0 0 0 0 0 0 0 0 0 0 0 14.388029212328071 40.187254006890875 65.98647880145795 91.78570359600711 117.58492839056707 143.38415318512207 169.1833779796803 194.98260277423387 220.78182756879022 246.58105236334563 272.3802771579024 298.17950195245646 323.97872674701233 349.77795154156877 375.57717633612344 401.3764011306784 427.1756259252337 452.9748507197895 478.7740755143449 504.57330030890006 530.3725251034558 556.1717498980113 581.9709746925664 607.770199487122 633.5694242816772 659.3686490762326 685.1678738707878 710.9670986653433 729.3275126372624 689.6314257980681 649.9353389588746 610.2392521196805 570.5431652804867 530.8470784412926 491.15099160209866 451.4549047629049 411.7588179237106 372.0627310845171 332.3666442453226 292.67055740612903 252.97447056693474 213.2783837277412 173.5822968885467 133.88621004935288 94.190123210159 54.494036370965325 14.797949531773428 0 0 0 0 0 0 12.271439821640358 64.1182730676426 115.9651063137324 167.81193955980825 219.65877280589044 271.5056060519711
 0 0 0 0 0 0 0 0 0 0 0 0 0 0 0 0 0 0 0 0 0 0 0 0 0 0 0 0 0 0 0 0 0 0 0 0 0 0 0.6201736714933452 26.41939846747311 52.21862326205813 78.0178480566102 103.81707285117032 129.61629764571614 155.41552244027673 181.2147472348301 207.0139720293899 232.81319682394428 258.6124216185003 284.41164641305454 310.2108712076107 336.0100960021653 361.8093207967211 387.6085455912767 413.4077703858318 439.20699518038776 465.0062199749428 490.80544476949825 516.604669564053 542.4038943586091 568.2031191531644 594.0023439477195 619.8015687422752 645.6007935368302 671.400018331386 697.1992431259408 722.9984679204965 748.7976927150521 774.5969175096072 800.3961423041627 795.8595635082785 756.1634766690843 716.4673898298905 676.7713029906963 637.0752161515029 597.3791293123085 557.6830424731143 517.9869556339207 478.2908687947265 438.59478195553254 398.8986951163384 359.202608277145 319.50652143795065 279.81043459875724 240.11434775956286 200.41826092036868 160.72217408117498 121.02608724198123 81.33000040278723 41.633913563593275 1.9378267244059357 0 0 0 0 20.171179206708963 72.01801245275992 123.86484569885205 175.71167894493274 227.55851219101731 279.4053454370975
 0 0 0 0 0 0 0 0 0 0 0 0 0 0 0 0 0 0 0 0 0 0 0 0 0 0 0 0 0 0 0 0 0 0 0 12.651542928029999 38.45076772263327 64.249992517204 90.04921731176384 115.84844210631027 141.64766690087066 167.44689169543008 193.24611648998598 219.0453412845383 244.84456607909516 270.6437908736521 296.4430156682081 322.2422404627617 348.04146525731824 373.84069005187337 399.6399148464288 425.43913964098243 451.23836443553864 477.037589230095 502.83681402465055 528.6360388192055 554.4352636137612 580.234488408316 606.0337132028716 631.8329379974272 657.6321627919825 683.431387586538 709.2306123810935 735.0298371756481 760.8290619702041 786.6282867647592 812.4275115593144 838.2267363538701 864.0259611484256 889.8251859429813 862.3916143792936 822.6955275400994 782.9994407009056 743.3033538617111 703.6072670225177 663.9111801833234 624.2150933441294 584.5190065049355 544.8229196657414 505.1268328265478 465.4307459873535 425.73465914815995 386.0385723089656 346.3424854697721 306.64639863057795 266.9503117913837 227.25422495219001 187.55813811299592 147.8620512738021 108.165964434608 68.4698775954145 28.77379075622039 0 0 0 28.070918591823347 79.917751837905 131.76458508398397 183.6114183300656 235.45825157614817 287.3050848222272
 5.411144777853058 0 0 0 0 0 0 0 0 0 0 0 0 0 0 0 0 0 0 0 0 0 0 0 0 0 0 0 0 0 0 0 0 0 0 9.838699100999706 33.09380606699733 56.34891303299502 79.60401999899307 102.85912696499085 126.11423393098862 149.36934089698633 172.62444786298408 195.87955482898215 219.13466179497988 242.38976876097786 265.6448757269755 288.89998269297325 312.1550896589713 335.41019662496865 358.66530359096686 381.9204105569646 405.1755175229627 428.43062448896046 451.6857314549583 474.940838420956 498.195945386954 521.4510523529516 544.7061593189491 567.9612662849472 591.216373250945 614.4714802169422 637.7265871829408 660.9816941489386 684.2368011149362 707.4919080809342 730.7701416998376 755.8154536657747 783.5157943526094 813.6000245821044 845.813809298477 879.9232921113072 849.5314915719215 809.8354047327273 770.1393178935338 730.4432310543394 690.7471442151453 651.0510573759516 611.3549705367573 571.6588836975637 531.9627968583694 492.26671001917583 452.57062317998174 412.87453634078804 373.1784495015938 333.4823626623996 293.78627582320604 254.09018898401177 214.39410214481808 174.6980153056239 135.00192846643023 95.30584162723605 55.60975478804184 15.913667948848275 0 35.97065797697706 87.81749122302185 139.66432446910775 191.51115771519244 243.35799096127207 295.2048242073531
 16.78559196339139 0 0 0 0 0 0 0 0 0 0 0 0 0 0 0 0 0 0 0 0 0 0 0 0 0 0 0 0 0 0 0 0 0 0 0 0 0 0 10.73312629200022 33.98823325799734 57.243340223994686 80.49844718999307 103.75355415599077 127.00866112198814 150.26376808798653 173.5188750539841 196.77398201998167 220.02908898598022 243.28419595197727 266.5393029179755 289.79440988397266 313.04951684997076 336.30462381596857 359.5597307819666 382.81483774796413 406.0699447139623 429.32505167996015 452.5801586459574 475.83526561195555 499.09037257795336 522.3454795439509 545.6005865099492 568.855693475947 592.1108004419448 615.3893076744187 640.7245898199947 669.148712918138 700.2856560004641 733.7901607407942 769.3529749081368 806.7019276039947 845.600378429433 876.3674556037431 836.6713687645495 796.9752819253554 757.2791950861612 717.5831082469673 677.8870214077733 638.1909345685796 598.4948477293855 558.7987608901918 519.1026740509977 479.406587211804 439.7105003726098 400.0144135334156 360.318326694222 320.6222398550277 280.9261530158341 241.23006617663987 201.53397933744617 161.837892498252 122.14180565905784 82.44571881986415 53.366656256504896 65.60487786742651 105.67875850898321 153.10127367203677 202.78066969018516 253.39297543538927 304.47331574376096
 28.1600391490882 0 0 0 0 0 0 0 0 0 0 0 0 0 0 0 0 0 0 0 0 0 0 0 0 0 0 0 0 0 0 0 0 0 0 0 0 0 0 0 0 0 0 11.627553483007967 34.8826604489964 58.137767414995224 81.39287438099335 104.64798134699056 127.90308831298847 151.15819527898583 174.41330224498446 197.66840921098213 220.9235161769798 244.17862314297744 267.4337301089751 290.68883707497343 313.9439440409708 337.19905100696906 360.45415797296675 383.7092649389649 406.96437190496255 430.21947887096024 453.4745858369585 476.72969280295564 500.0089999190018 525.7613527067201 555.2017651268774 587.7763179986079 622.9935794211689 660.4309199303137 699.7320915893455 740.6004320819699 782.7905211485381 826.0998728967343 870.3614191817097 863.5073327963713 823.8112459571772 784.1151591179834 744.4190722787894 704.7229854395957 665.0268986004014 625.3308117612078 585.6347249220136 545.9386380828198 506.2425512436257 466.54646440443156 426.85037756523786 387.1542907260437 347.45820388685 307.76211704765586 268.06603020846217 228.5804016095866 193.60010330575713 167.6931721925491 155.4638221580825 160.0781059358209 180.24705268048058 211.5679559857774 249.88197213884789 292.45341509375436 337.67588009806076
 39.53448633479951 0 0 0 0 0 0 0 0 0 0 0 0 0 0 0 0 0 0 0 0 0 0 0 0 0 0 0 0 0 0 0 0 0 0 0 0 0 0 0 0 0 0 0 0 0 0 12.521980674000119 35.77708764000062 59.03219460599522 82.28730157199239 105.54240853798976 128.79751550398885 152.0526224699861 175.30772943598382 198.56283640198225 221.8179433679786 245.0730503339769 268.328157299974 291.5832642659727 314.8383712319703 338.0934781979679 361.34858516396633 384.6296920415792 411.03284540289496 441.9999999999999 476.6424236259296 514.2178526655802 554.1299486582548 595.9093890852872 639.1901125643293 683.6870629169462 729.1776189653655 775.4869437972508 822.4767473916813 870.0367808317072 890.3432968281932 850.6472099889995 810.9511231498052 771.2550363106116 731.5589494714173 691.8628626322237 652.1667757930295 612.4706889538359 572.7746021146418 533.0785152754476 493.38242843625386 453.6863415970597 413.99025475786607 374.89731927555823 339.06341589738054 307.87659865601984 282.87806560424553 265.8194876227097 258.2789190003704 261.08236248356553 273.91239475423515 295.4657340538829 324.00617278070484 357.8658966708057 395.68169025114105
 50.908933520501655 0 0 0 0 0 0 0 0 0 0 0 0 0 0 0 0 0 0 0 0 0 0 0 0 0 0 0 0 0 0 0 0 0 0 0 0 0 0 0 0 0 0 0 0 0 0 0 0 0 0 13.416407864998991 36.671514830998 59.92662179699354 83.1817287629928 106.43683572899133 129.69194269498843 152.9470496609857 176.20215662698305 199.45726359298186 222.71237055897853 245.96747752497654 269.2526694389493 296.81138792169 330.31046002208296 368.1317698868163 409.0782321268146 452.30189033432123 497.20921149954575 543.3829220724556 590.5260366825496 638.4238404069825 686.9184813353036 735.891975768183 785.2547357386643 834.9377222284307 884.8869984353937 917.1792608600153 877.4831740208211 837.7870871816276 798.0910003424334 758.3949135032398 718.6988266640456 679.002739824852 639.3066529856577 599.6105661464636 559.9144793072699 521.2456234828257 485.0742211249739 452.0011061933365 422.7540656220826 398.17709627752316 379.1793770763382 366.62924051417394 361.1993909186448 363.20930604817926 372.5385886052611 388.66052024871254 410.776094728016 437.97830996523084 469.38363840253305
 62.28338070621561 10.601426503228167 0 0 0 0 0 0 0 0 0 0 0 0 0 0 0 0 0 0 0 0 0 0 0 0 0 0 0 0 0 0 0 0 0 0 0 0 0 0 0 0 0 0 0 0 0 0 0 0 0 0 0 0 0 14.31083505602567 37.56594202200792 60.82104898799957 84.07615595399453 107.33126291998796 130.58636988598724 153.88307249337066 184.04347312523754 222.42302039132534 265.48069609672194 311.2812233334992 358.77569594385847 407.3720658071688 456.7187318251792 506.5964863676022 556.8626401546434 607.4207767273031 658.2036159122796 709.1628867897699 760.2631123499282 811.47766451086 862.7861844049199 914.1728501765954 944.0152248918373 904.3191380526436 864.6230512134493 824.9269643742556 785.2308775350614 745.5347906958679 705.9178422451157 667.6046734408019 631.2527227664053 597.2202273868493 565.9257901880777 537.8475620470915 513.513388335689 493.4774564253164 478.28025257164865 468.39299738574243 464.1551464758309 465.72094649049234 473.03276842096267 485.83124642204723 503.69832241134185 526.1178575186361 552.5359716796727
 73.65782789192434 21.97587368891137 0 0 0 0 0 0 0 0 0 0 0 0 0 0 0 0 0 0 0 0 0 0 0 0 0 0 0 0 0 0 0 0 0 0 0 0 0 0 0 0 0 0 0 0 0 0 0 0 0 0 0 0 0 0 0 0 0 15.205262247009824 38.58756276314929 79.20227269466434 128.31601614763466 179.06702655709654 230.37577997697593 281.93793643282527 333.63602922945836 385.41536035814687 437.2470697443265 489.1145060208297 541.0073936648184 592.9190501240454 644.8449426024831 696.7818883983712 748.7275873106316 800.6803357145723 852.6388449982799 904.6021224825862 956.5693911055281 970.8511889236594 931.1551020844652 891.4590152452715 852.0475338852874 813.968672615845 777.5043408238955 742.8923205956567 710.4034065233642 680.3418258493299 653.0428776121828 628.8664405102248 608.1850047477333 591.3653692938066 578.7443304257935 570.6005608129036 567.126969910619 568.4091835992801 574.4153549479681 585 599.9208281098433 618.8642823753848 641.4740836542036
 85.03227507763245 33.35032087460613 0 0 0 0 0 0 0 0 0 0 0 0 0 0 0 0 0 0 0 0 0 0 0 0 0 0 0 0 0 0 0 0 0 0 0 0 0 0 0 0 0 0 0 0 0 0 0 0 0 0 0 0 0 0 0 0 0 10.584116846093803 54.454514208163395 98.32491157023296 142.39382009062084 189.40960904874908 238.50366873488568 288.61739379323603 339.2992779243717 390.3280671435252 441.58351418502934 492.9949289800051 544.5181356024792 596.1241481436565 647.7931768705192 699.511257950864 751.2682610093411 803.0566605165541 854.870750464654 906.7061265922935 958.5593356699419 1010.4276322429033 998.2484660644363 960.3353580911206 923.7943494090015 888.7946894530822 855.5255694600836 824.1965784932622 795.0371060522901 768.2942144777612 744.2284595472015 723.1071843094911 705.1950084905596 690.741630423417 679.9676462891453 673.049775276688 670.107454069868 671.1929677819936 676.2869213580877 685.2999343353247 698.080224616054 714.4256434367402 734.0980860893185
 96.40672226334162 44.724768060317935 0 0 0 0 0 0 0 0 0 0 0 0 0 0 0 0 0 0 0 0 0 0 0 0 0 0 0 0 0 0 0 0 0 0 0 0 0 0 0 0 0 0 0 0 0 0 0 0 0 0 0 0 0 0 0 0 22.011895179919726 65.88229254198929 109.75268990405884 153.6230872661284 197.49348462819827 241.36388199026752 285.2342793523374 329.1337114304762 374.3701376979742 421.1709866550644 469.06822531482567 517.7576653223016 567.0352722714875 616.7600830144573 666.8320628164184 717.1784993988598 767.7454005072252 818.4919058854524 869.3865653436341 920.4048022473589 971.5271483597361 1022.7379918630186 1070.107003995395 1034.8299377192375 1001.0119879402046 968.8059661253129 938.3778556636983 909.9060391051376 883.5796511916742 859.595835262131 838.155713456635 819.4589678562317 803.6970822393228 791.0455107008702 781.6552948710835 775.6448929761613 773.0931379853275 774.0342369688829 778.4555221719482 786.2982894550901 797.461597821488 811.8084749496031 829.1736850624245
 107.78116944905021 56.099215246022474 4.417261043007938 0 0 0 0 0 0 0 0 0 0 0 0 0 0 0 0 0 0 0 0 0 0 0 0 0 0 0 0 0 0 0 0 0 0 0 0 0 0 0 0 0 0 0 0 0 0 0 0 0 0 0 0 0 0 33.439673513745625 77.3100708758152 121.18046823788475 165.05086559995434 208.9212629620238 252.79166032409375 296.66205768616294 340.53245504823286 384.4028524103021 428.27324977237186 472.14364713444184 516.0155036430594 560.6424885789521 606.4453808876774 653.176852008704 700.6511257394795 748.7269195107122 797.2954283074749 846.2718239431113 895.5891915381745 945.194159948103 995.0437176325474 1045.1028657505442 1095.3428686945474 1113.8761151941453 1082.5303690890157 1052.8209724354854 1024.890238025517 998.8873810395248 974.966666096847 953.2848472518592 933.9978586699228 917.2567797514503 903.2031886569051 891.9641248391109 883.6469883386694 878.3347881075877 876.0821879253115 876.9127664711016 880.8178018182881 887.7567234327211 897.6591780848681 910.428470556584 925.9460027453009
 119.15561663476018 67.47366243173133 15.791708228707932 0 0 0 0 0 0 0 0 0 0 0 0 0 0 0 0 0 0 0 0 0 0 0 0 0 0 0 0 0 0 0 0 0 0 0 0 0 0 0 0 0 0 0 0 0 0 0 0 0 0 0 0 0.9970544855131005 44.867451847571274 88.73784920964113 132.60824657171065 176.4786439337802 220.34904129584982 264.2194386579193 308.0898360199892 351.9602333820584 395.83063074412837 439.7010281061976 483.57142546826736 527.4418228303373 571.3122201924066 615.1826175544763 659.0530149165456 702.9234122786155 747.246278010135 792.500473185979 838.5374171734974 885.2349970488066 932.4939678089082 980.2331355346034 1028.385628059825 1076.8960024069177 1125.7179931048454 1174.8127510373727 1167.4489282191323 1139.9548236662722 1114.2104828083434 1090.3398552744925 1068.4685301870156 1048.7216027144673 1031.2211208077547 1016.0831658875178 1003.4146700143472 993.3101227713333 985.8483656222195 981.0897002822938 979.0735416709008 979.8168196147692 983.3132766316143 989.5337285812957 998.4272632495574 1009.9232644117083 1023.9340799094448
 130.5300638204687 78.84810961744083 27.166155414414593 0 0 0 0 0 0 0 0 0 0 0 0 0 0 0 0 0 0 0 0 0 0 0 0 0 0 0 0 0 0 0 0 0 0 0 0 0 0 0 0 0 0 0 0 0 0 0 0 0 0 0 12.42483281932643 56.29523018139718 100.16562754346698 144.0360249055361 187.90642226760548 231.77681962967506 275.64721699174464 319.5176143538141 363.388011715884 407.2584090779532 451.128806440023 494.9992038020923 538.8696011641622 582.739998526232 626.6103958883014 670.480793250371 714.3511906124404 758.2215879745103 802.0919853365795 845.9623826986494 889.8327800607184 933.9828692219141 978.8912094814214 1024.4705949904073 1070.635325402632 1117.3128478631218 1164.441497027652 1211.9686464591396 1255.0776868385472 1229.5446311541516 1205.7147257954507 1183.6908380147233 1163.5755239777084 1145.4693361238433 1129.46890174099 1115.664824219173 1104.1394839421323 1094.964839618149 1088.2003492004578 1083.8911384451847 1082.0665413919785 1082.7391190864023 1085.9042315047852 1091.5401962364915 1099.609021425342 1110.0576561602547 1122.8196649506983
 141.90451100617824 90.22255680314973 38.54060260012248 0 0 0 0 0 0 0 0 0 0 0 0 0 0 0 0 0 0 0 0 0 0 0 0 0 0 0 0 0 0 0 0 0 0 0 0 0 0 0 0 0 0 0 0 0 0 0 0 0 0 23.852611153155518 67.72300851522309 111.59340587729247 155.46380323936214 199.33420060143152 243.20459796350096 287.07499532557057 330.94539268764 374.8157900497096 418.68618741177943 462.55658477384856 506.42698213591854 550.2973794979878 594.1677768600576 638.0381742221274 681.9085715841967 725.7789689462666 769.6493663083359 813.5197636704056 857.3901610324748 901.2605583945448 945.1309557566141 989.001353118684 1032.8717504807537 1076.742147842823 1120.785884993204 1165.456562897133 1210.7126000831079 1256.4907480757663 1302.735967109222 1321.0908371493608 1298.9414921388873 1278.5245402416015 1259.9242040694348 1243.2220236144462 1228.495421236888 1215.8161867650877 1205.2489369420737 1196.8496146132975 1190.664100407835 1186.7270115742706 1185.0607579360642 1185.6749132877858 1188.5659426384382 1193.7173032171388 1201.0999125801313 1210.6729533610628 1222.3849639127598
 153.27895819188723 101.5970039888586 49.91504978583075 0 0 0 0 0 0 0 0 0 0 0 0 0 0 0 0 0 0 0 0 0 0 0 0 0 0 0 0 0 0 0 0 0 0 0 0 0 0 0 0 0 0 0 0 0 0 0 0 0 35.280389486979516 79.1507868490492 123.02118421111787 166.8915815731878 210.76197893525742 254.63237629732666 298.5027736593962 342.3731710214661 386.2435683835354 430.11396574560507 473.98436310767477 517.8547604697442 561.7251578318139 605.5955551938831 649.465952555953 693.3363499180228 737.206747280092 781.077144642162 824.9475420042312 868.8179393663012 912.6883367283704 956.5587340904401 1000.4291314525094 1044.2995288145794 1088.1699261766491 1132.0403235387184 1175.9107209007884 1219.7811182628575 1263.6515156249275 1307.62685809064 1352.1242546452597 1397.1399357258379 1393.5451194704817 1374.5341028872285 1357.2501611714765 1341.760038158835 1328.1264999991524 1316.4072318245592 1306.6537414326715 1298.910312531238 1293.2130528261762 1289.5890818396374 1288.055899408096 1288.6209683223376 1291.281533980874 1296.0246911228191 1302.8276939027658 1311.6584921388642 1322.4764648189391
 164.65340537759633 112.97145117456824 61.28949697154007 9.607542768513419 0 0 0 0 0 0 0 0 0 0 0 0 0 0 0 0 0 0 0 0 0 0 0 0 0 0 0 0 0 0 0 0 0 0 0 0 0 0 0 0 0 0 0 0 0 0 2.8377704587231634 46.70816782080253 90.57856518287389 134.4489625449435 178.31935990701342 222.1897572690832 266.0601546311523 309.93055199322225 353.80094935529166 397.6713467173614 441.54174407943094 485.41214144150047 529.2825388035706 573.1529361656394 617.0233335277095 660.8937308897786 704.7641282518484 748.6345256139184 792.5049229759876 836.3753203380573 880.2457177001265 924.1161150621966 967.9865124242658 1011.8569097863358 1055.7273071484049 1099.5977045104746 1143.4681018725448 1187.338499234614 1231.2088965966839 1275.079293958753 1318.9496913208227 1362.8200886828922 1406.690486044962 1450.5608834070313 1489.2632406663367 1471.4893815451062 1455.357344434692 1440.9222741008618 1428.2356248182577 1417.34434771512 1408.2900979556732 1401.1084897323258 1395.8284278520762 1392.4715436948788 1391.0517603597643 1391.575006961536 1394.0390955780256 1398.4337667547932 1404.7409013764777 1412.9348888041513 1422.9831341235213
 176.02785256330534 124.34589836027727 72.66394415724915 20.981989954221252 0 0 0 0 0 0 0 0 0 0 0 0 0 0 0 0 0 0 0 0 0 0 0 0 0 0 0 0 0 0 0 0 0 0 0 0 0 0 0 0 0 0 0 0 0 14.265548792564125 58.135946154630645 102.00634351670111 145.87674087877 189.74713824083952 233.61753560290904 277.4879329649788 321.3583303270483 365.22872768911793 409.09912505118734 452.9695224132568 496.8399197753265 540.7103171373959 584.5807144994659 628.451111861535 672.3215092236048 716.1919065856741 760.0623039477441 803.9327013098138 847.8030986718832 891.673496033953 935.5438933960222 979.4142907580922 1023.2846881201614 1067.1550854822315 1111.0254828443003 1154.8958802063703 1198.76627756844 1242.6366749305093 1286.5070722925793 1330.3774696546486 1374.2478670167181 1418.118264378788 1461.9886617408574 1505.8590591029267 1549.7294564649967 1569.2150904194107 1554.0978090197539 1540.5881993576347 1528.7288837462318 1518.5585270248887 1510.111254179638 1503.41611006401 1498.4965799093434 1495.3701882811492 1494.048191993819 1494.5353793068932 1496.8299836654796 1500.9237155831736 1506.8019113340677 1514.4437922881125 1523.822824346715
 187.40229974901453 135.7203455459864 84.03839134295819 32.35643713993006 0 0 0 0 0 0 0 0 0 0 0 0 0 0 0 0 0 0 0 0 0 0 0 0 0 0 0 0 0 0 0 0 0 0 0 0 0 0 0 0 0 0 0 0 25.693327126384073 69.56372448845522 113.43412185052509 157.30451921259518 201.17491657466502 245.0453139367347 288.91571129880435 332.78610866087416 376.6565060229433 420.5269033850132 464.39730074708274 508.2676981091522 552.1380954712217 596.0084928332914 639.8788901953614 683.7492875574308 727.6196849195005 771.4900822815696 815.3604796436396 859.2308770057093 903.1012743677785 946.9716717298486 990.8420690919178 1034.7124664539874 1078.582863816057 1122.4532611781267 1166.323658540196 1210.1940559022657 1254.0644532643353 1297.9348506264048 1341.8052479884745 1385.675645350544 1429.5460427126138 1473.416440074683 1517.286837436753 1561.1572347988222 1605.0276321608924 1648.8980295229617 1653.35809793281 1640.6660232966362 1629.5352098067717 1619.9978395047322 1612.0821939342918 1605.8122555267787 1601.207356965362 1598.2818900306665 1597.0450838971328 1597.5008607196428 1599.6477737302046 1603.4790301092182 1608.9825977927792 1616.1413923292723 1624.933537102364
 198.77674693472377 147.09479273169558 95.41283852866741 43.73088432563923 0 0 0 0 0 0 0 0 0 0 0 0 0 0 0 0 0 0 0 0 0 0 0 0 0 0 0 0 0 0 0 0 0 0 0 0 0 0 0 0 0 0 0 37.12110546020433 80.9915028222804 124.8619001843507 168.73229754642057 212.60269490849026 256.4730922705599 300.3434896326295 344.21388699469964 388.0842843567693 431.9546817188388 475.8250790809083 519.695476442978 563.5658738050474 607.4362711671173 651.3066685291867 695.1770658912565 739.047463253326 782.9178606153957 826.788257977465 870.6586553395349 914.5290527016048 958.399450063674 1002.2698474257438 1046.1402447878131 1090.0106421498829 1133.8810395119524 1177.7514368740221 1221.6218342360914 1265.4922315981614 1309.362628960231 1353.2330263223002 1397.10342368437 1440.9738210464393 1484.8442184085093 1528.7146157705786 1572.5850131326483 1616.4554104947176 1660.3258078567876 1704.1962052188574 1748.0666025809264 1741.0847193631905 1730.5998959898272 1721.6224905594142 1714.1761869772897 1708.2810073287123 1703.9530509964177 1701.2042793268538 1700.04235241361 1700.4705231199982 1702.4875917315815 1706.0879227050402 1711.2615229707003 1717.9941792683699 1726.2676501632068
